#r11 r12 r13 tx r21 r22 r23 ty r31 r32 r33 tz 0 0 0 1
-0.411393 0.699826 0.583952 0.023283 0.761779 0.615772 -0.201288 -0.045521 -0.500448 0.362034 -0.786437 0.229751 0 0 0 1
-0.411393 0.699826 0.583952 0.029123 0.761779 0.615772 -0.201288 -0.047534 -0.500448 0.362034 -0.786437 0.221886 0 0 0 1
-0.411122 0.699985 0.583952 0.028880 0.762018 0.615477 -0.201288 -0.047168 -0.500308 0.362228 -0.786437 0.221628 0 0 0 1
-0.408722 0.698924 0.586900 0.028661 0.762612 0.614811 -0.201073 -0.046808 -0.501367 0.365394 -0.784295 0.221391 0 0 0 1
-0.408003 0.701224 0.584653 0.028384 0.761203 0.614849 -0.206231 -0.046508 -0.504087 0.360897 -0.784634 0.221127 0 0 0 1
-0.408857 0.702390 0.582653 0.028103 0.761352 0.614546 -0.206585 -0.046167 -0.503170 0.359140 -0.786027 0.220853 0 0 0 1
-0.409682 0.700919 0.583843 0.027848 0.763754 0.613534 -0.200638 -0.045769 -0.498839 0.363715 -0.786684 0.220585 0 0 0 1
-0.412504 0.703841 0.578315 0.027522 0.763368 0.613510 -0.202175 -0.045452 -0.497101 0.358069 -0.790365 0.220286 0 0 0 1
-0.419681 0.706320 0.570070 0.027162 0.764946 0.613310 -0.196746 -0.045071 -0.488595 0.353502 -0.797691 0.219951 0 0 0 1
-0.419092 0.705991 0.570910 0.026889 0.766200 0.612364 -0.194803 -0.044731 -0.487134 0.355791 -0.797567 0.219689 0 0 0 1
-0.423483 0.707408 0.565894 0.026553 0.767830 0.611779 -0.190168 -0.044368 -0.480728 0.353977 -0.802247 0.219380 0 0 0 1
-0.427265 0.705664 0.565228 0.026255 0.771750 0.610332 -0.178597 -0.043940 -0.471006 0.359907 -0.805370 0.219085 0 0 0 1
-0.428385 0.706503 0.563329 0.025942 0.772878 0.609474 -0.176638 -0.043613 -0.468130 0.359716 -0.807130 0.218805 0 0 0 1
-0.430506 0.708351 0.559378 0.025604 0.773635 0.608824 -0.175564 -0.043299 -0.464923 0.357173 -0.810107 0.218512 0 0 0 1
-0.433530 0.710923 0.553751 0.025245 0.774196 0.608314 -0.174855 -0.042992 -0.461163 0.352907 -0.814116 0.218209 0 0 0 1
-0.439682 0.710481 0.549450 0.024896 0.777987 0.606960 -0.162283 -0.042570 -0.448793 0.356113 -0.819615 0.217892 0 0 0 1
-0.441590 0.710873 0.547410 0.024567 0.779888 0.605771 -0.157533 -0.042228 -0.443591 0.357353 -0.821904 0.217607 0 0 0 1
-0.440529 0.711532 0.547410 0.024255 0.780791 0.604606 -0.157533 -0.041937 -0.443057 0.358015 -0.821904 0.217345 0 0 0 1
-0.444907 0.710368 0.545376 0.023920 0.784495 0.602876 -0.145288 -0.041526 -0.432002 0.363205 -0.825503 0.217049 0 0 0 1
-0.448532 0.714856 0.536470 0.023514 0.784210 0.602717 -0.147469 -0.041260 -0.428759 0.354560 -0.830935 0.216734 0 0 0 1
-0.449310 0.716067 0.534198 0.023173 0.785376 0.601595 -0.145836 -0.040958 -0.425799 0.354021 -0.832685 0.216457 0 0 0 1
-0.451977 0.720130 0.526431 0.022774 0.785164 0.601253 -0.148364 -0.040699 -0.423360 0.346278 -0.837173 0.216154 0 0 0 1
-0.452144 0.721479 0.524437 0.022431 0.786128 0.600122 -0.147839 -0.040410 -0.421389 0.345430 -0.838516 0.215883 0 0 0 1
-0.449651 0.719864 0.528781 0.022150 0.788404 0.598109 -0.143823 -0.040087 -0.419802 0.352223 -0.836484 0.215647 0 0 0 1
-0.452982 0.722958 0.521669 0.021753 0.789099 0.597444 -0.142770 -0.039794 -0.414885 0.346977 -0.841117 0.215346 0 0 0 1
-0.457631 0.727607 0.511040 0.021321 0.789114 0.597212 -0.143654 -0.039519 -0.409723 0.337529 -0.847468 0.215029 0 0 0 1
-0.456383 0.728391 0.511040 0.020993 0.790137 0.595858 -0.143654 -0.039236 -0.409143 0.338231 -0.847468 0.214777 0 0 0 1
-0.463901 0.735955 0.493119 0.020486 0.788919 0.596420 -0.147951 -0.038994 -0.402991 0.320397 -0.857289 0.214428 0 0 0 1
-0.462654 0.736739 0.493119 0.020158 0.789928 0.595083 -0.147951 -0.038708 -0.402448 0.321079 -0.857289 0.214179 0 0 0 1
-0.466260 0.738365 0.487257 0.019771 0.791770 0.593980 -0.142437 -0.038366 -0.394591 0.319383 -0.861564 0.213889 0 0 0 1
-0.470486 0.741628 0.478154 0.019352 0.792614 0.593343 -0.140385 -0.038056 -0.387822 0.312942 -0.866984 0.213590 0 0 0 1
-0.473290 0.744270 0.471231 0.018955 0.793463 0.592546 -0.138947 -0.037750 -0.382640 0.308142 -0.870997 0.213306 0 0 0 1
-0.477745 0.745822 0.464229 0.018558 0.795526 0.591466 -0.131553 -0.037382 -0.372691 0.306458 -0.875891 0.213016 0 0 0 1
-0.479000 0.747264 0.460604 0.018196 0.796706 0.590378 -0.129278 -0.037062 -0.368535 0.305042 -0.878141 0.212755 0 0 0 1
-0.485394 0.751769 0.446358 0.017729 0.797228 0.590164 -0.127022 -0.036739 -0.358915 0.294193 -0.885793 0.212442 0 0 0 1
-0.487690 0.753955 0.440125 0.017343 0.798127 0.589340 -0.125188 -0.036417 -0.353770 0.290223 -0.889167 0.212174 0 0 0 1
-0.488778 0.754727 0.437587 0.016995 0.799599 0.588159 -0.121285 -0.036071 -0.348908 0.290613 -0.890959 0.211924 0 0 0 1
-0.491227 0.756489 0.431764 0.016615 0.800752 0.587274 -0.117923 -0.035727 -0.342772 0.287809 -0.894245 0.211663 0 0 0 1
-0.491762 0.758431 0.427729 0.016254 0.801227 0.586465 -0.118719 -0.035422 -0.340888 0.284327 -0.896077 0.211419 0 0 0 1
-0.491887 0.758982 0.426607 0.015922 0.802484 0.585287 -0.116010 -0.035079 -0.337738 0.285281 -0.896966 0.211188 0 0 0 1
-0.491462 0.759804 0.425631 0.015592 0.803387 0.584202 -0.115229 -0.034752 -0.336206 0.285316 -0.897530 0.210963 0 0 0 1
-0.490449 0.761061 0.424554 0.015261 0.803820 0.583258 -0.116975 -0.034449 -0.336650 0.283895 -0.897814 0.210745 0 0 0 1
-0.489695 0.762869 0.422172 0.014917 0.803917 0.582494 -0.120075 -0.034156 -0.337514 0.280592 -0.898528 0.210526 0 0 0 1
-0.488744 0.764930 0.419537 0.014570 0.803731 0.581821 -0.124503 -0.033875 -0.339331 0.276345 -0.899159 0.210312 0 0 0 1
-0.488509 0.766782 0.416419 0.014217 0.803862 0.581100 -0.126996 -0.033572 -0.339359 0.272705 -0.900260 0.210098 0 0 0 1
-0.486546 0.767546 0.417308 0.013904 0.804252 0.580070 -0.129221 -0.033264 -0.341251 0.272749 -0.899531 0.209906 0 0 0 1
-0.488774 0.769531 0.411001 0.013519 0.804997 0.579411 -0.127526 -0.032916 -0.336274 0.268523 -0.902671 0.209680 0 0 0 1
-0.487765 0.770171 0.411001 0.013195 0.805755 0.578356 -0.127526 -0.032583 -0.335922 0.268964 -0.902671 0.209491 0 0 0 1
-0.491702 0.772634 0.401579 0.012776 0.806647 0.577856 -0.124114 -0.032214 -0.327949 0.262905 -0.907375 0.209259 0 0 0 1
-0.495533 0.774396 0.393393 0.012368 0.808028 0.577146 -0.118292 -0.031820 -0.318650 0.259255 -0.911729 0.209036 0 0 0 1
-0.498700 0.776103 0.385956 0.011966 0.809237 0.576420 -0.113470 -0.031434 -0.310537 0.255743 -0.915512 0.208824 0 0 0 1
-0.510165 0.779890 0.362634 0.011403 0.811339 0.576304 -0.097998 -0.030942 -0.285415 0.244224 -0.926765 0.208543 0 0 0 1
-0.509162 0.780545 0.362634 0.011071 0.812079 0.575261 -0.097998 -0.030603 -0.285101 0.244590 -0.926765 0.208380 0 0 0 1
-0.517898 0.784085 0.342042 0.010531 0.813550 0.575043 -0.086382 -0.030147 -0.264420 0.233531 -0.935706 0.208134 0 0 0 1
-0.524890 0.786580 0.325242 0.010027 0.815163 0.574503 -0.073858 -0.029681 -0.244947 0.226358 -0.942742 0.207912 0 0 0 1
-0.527652 0.788087 0.317020 0.009607 0.816302 0.573674 -0.067447 -0.029276 -0.235021 0.223195 -0.946018 0.207733 0 0 0 1
-0.536268 0.792891 0.289380 0.008991 0.817026 0.573695 -0.057824 -0.028839 -0.211864 0.205422 -0.955466 0.207497 0 0 0 1
-0.535234 0.793589 0.289380 0.008650 0.817772 0.572630 -0.057824 -0.028497 -0.211596 0.205697 -0.955466 0.207361 0 0 0 1
-0.534603 0.794049 0.289286 0.008306 0.818726 0.571484 -0.055630 -0.028134 -0.209495 0.207106 -0.955625 0.207227 0 0 0 1
-0.534378 0.795754 0.284984 0.007919 0.819198 0.570642 -0.057297 -0.027808 -0.208218 0.202840 -0.956818 0.207086 0 0 0 1
-0.532311 0.796765 0.286026 0.007584 0.819628 0.569603 -0.061332 -0.027507 -0.211788 0.201787 -0.956257 0.206965 0 0 0 1
-0.530915 0.797899 0.285458 0.007232 0.820144 0.568578 -0.063901 -0.027190 -0.213291 0.200190 -0.956259 0.206843 0 0 0 1
-0.529485 0.799408 0.283888 0.006869 0.820457 0.567631 -0.068155 -0.026891 -0.215627 0.196831 -0.956432 0.206721 0 0 0 1
-0.528351 0.800158 0.283888 0.006521 0.821261 0.566467 -0.068155 -0.026549 -0.215348 0.197136 -0.956432 0.206602 0 0 0 1
-0.526998 0.801407 0.282876 0.006162 0.821753 0.565413 -0.070927 -0.026236 -0.216784 0.195076 -0.956530 0.206485 0 0 0 1
-0.525827 0.802177 0.282876 0.005813 0.822578 0.564211 -0.070927 -0.025895 -0.216498 0.195392 -0.956530 0.206369 0 0 0 1
-0.524015 0.805030 0.278092 0.005416 0.821969 0.563530 -0.082473 -0.025670 -0.223106 0.185366 -0.957007 0.206250 0 0 0 1
-0.525217 0.807982 0.267042 0.004956 0.822086 0.562824 -0.086047 -0.025365 -0.219822 0.174338 -0.959836 0.206108 0 0 0 1
-0.525242 0.810685 0.258670 0.004523 0.821961 0.562010 -0.092335 -0.025089 -0.220230 0.164118 -0.961543 0.205977 0 0 0 1
-0.525973 0.812726 0.250657 0.004094 0.822572 0.561012 -0.092951 -0.024756 -0.216165 0.157294 -0.963603 0.205842 0 0 0 1
-0.527294 0.816743 0.234291 0.003581 0.821721 0.560329 -0.103957 -0.024529 -0.216186 0.137706 -0.966592 0.205697 0 0 0 1
-0.529505 0.819766 0.218194 0.003071 0.822031 0.559362 -0.106675 -0.024219 -0.209498 0.122877 -0.970058 0.205547 0 0 0 1
-0.531210 0.823069 0.200929 0.002551 0.821675 0.558303 -0.114666 -0.023962 -0.206557 0.104187 -0.972872 0.205403 0 0 0 1
-0.530242 0.824162 0.198997 0.002183 0.822386 0.557039 -0.115712 -0.023636 -0.206215 0.102297 -0.973145 0.205284 0 0 0 1
-0.531687 0.827126 0.182131 0.001667 0.821953 0.555779 -0.124511 -0.023387 -0.204211 0.083503 -0.975359 0.205145 0 0 0 1
-0.530396 0.827955 0.182131 0.001320 0.822819 0.554495 -0.124511 -0.023050 -0.204080 0.083821 -0.975359 0.205030 0 0 0 1
-0.532947 0.829996 0.164543 0.000797 0.824411 0.553138 -0.119937 -0.022666 -0.190563 0.071731 -0.979051 0.204878 0 0 0 1
-0.531649 0.830828 0.164543 0.000450 0.825275 0.551849 -0.119937 -0.022327 -0.190450 0.072029 -0.979051 0.204764 0 0 0 1
-0.532347 0.832488 0.153529 -0.000006 0.826160 0.550467 -0.120192 -0.021989 -0.184571 0.062856 -0.980807 0.204635 0 0 0 1
-0.532700 0.833495 0.146685 -0.000421 0.827976 0.549152 -0.113528 -0.021580 -0.175178 0.060976 -0.982647 0.204506 0 0 0 1
-0.532915 0.834834 0.138034 -0.000854 0.829078 0.547778 -0.112114 -0.021222 -0.169209 0.054694 -0.984062 0.204385 0 0 0 1
-0.531621 0.835659 0.138034 -0.001200 0.829925 0.546493 -0.112114 -0.020875 -0.169124 0.054956 -0.984062 0.204279 0 0 0 1
-0.533430 0.835280 0.133264 -0.001594 0.834671 0.545333 -0.077047 -0.020175 -0.137029 0.070133 -0.988081 0.204137 0 0 0 1
-0.532868 0.836637 0.126850 -0.002004 0.835377 0.544006 -0.078757 -0.019839 -0.134898 0.064000 -0.988790 0.204031 0 0 0 1
-0.531583 0.837453 0.126850 -0.002349 0.836211 0.542724 -0.078757 -0.019483 -0.134800 0.064207 -0.988790 0.203936 0 0 0 1
-0.533404 0.837357 0.119639 -0.002767 0.839378 0.541472 -0.047462 -0.018810 -0.104524 0.075106 -0.991682 0.203816 0 0 0 1
-0.534909 0.836241 0.120723 -0.003102 0.841536 0.540063 -0.012240 -0.018094 -0.075434 0.095046 -0.992611 0.203720 0 0 0 1
-0.539712 0.832479 0.125255 -0.003403 0.841473 0.537914 0.050704 -0.017097 -0.025167 0.132764 -0.990828 0.203656 0 0 0 1
-0.541429 0.833420 0.110754 -0.003894 0.840747 0.536669 0.071637 -0.016515 0.000266 0.131902 -0.991263 0.203575 0 0 0 1
-0.543557 0.831865 0.112006 -0.004227 0.839046 0.534769 0.100120 -0.015854 0.023389 0.148399 -0.988651 0.203530 0 0 0 1
-0.554502 0.824107 0.115648 -0.004537 0.827199 0.530649 0.184806 -0.014629 0.090932 0.198139 -0.975947 0.203594 0 0 0 1
-0.558744 0.821169 0.116135 -0.004879 0.821047 0.527952 0.217135 -0.013926 0.116991 0.216676 -0.969208 0.203606 0 0 0 1
-0.560280 0.821787 0.103696 -0.005351 0.816314 0.526602 0.237322 -0.013344 0.140422 0.217616 -0.965880 0.203593 0 0 0 1
-0.559012 0.822650 0.103696 -0.005698 0.817125 0.525343 0.237322 -0.012965 0.140757 0.217399 -0.965880 0.203557 0 0 0 1
-0.577758 0.809418 0.105065 -0.006033 0.786921 0.518220 0.334968 -0.011611 0.216683 0.276208 -0.936354 0.203827 0 0 0 1
-0.588107 0.802318 0.102053 -0.006413 0.767169 0.513436 0.384494 -0.010741 0.256089 0.304415 -0.917469 0.204003 0 0 0 1
-0.598040 0.795120 0.100664 -0.006777 0.747919 0.508525 0.426638 -0.009950 0.288038 0.330435 -0.898803 0.204190 0 0 0 1
-0.596786 0.796061 0.100664 -0.007128 0.748719 0.507345 0.426638 -0.009584 0.288558 0.329981 -0.898803 0.204205 0 0 0 1
-0.603741 0.791539 0.094674 -0.007540 0.732220 0.503661 0.458453 -0.008907 0.315200 0.346109 -0.883662 0.204387 0 0 0 1
-0.598205 0.797533 0.078048 -0.008060 0.732547 0.504766 0.456712 -0.008573 0.324847 0.330382 -0.886184 0.204408 0 0 0 1
-0.591094 0.803640 0.069075 -0.008504 0.739556 0.505786 0.444114 -0.008356 0.321971 0.313598 -0.893303 0.204400 0 0 0 1
-0.598703 0.798269 0.065742 -0.008894 0.721456 0.501795 0.477181 -0.007692 0.347930 0.333120 -0.876342 0.204652 0 0 0 1
-0.596883 0.800054 0.060365 -0.009305 0.719955 0.500878 0.480403 -0.007337 0.354112 0.330204 -0.874968 0.204767 0 0 0 1
-0.611619 0.788864 0.060130 -0.009667 0.689766 0.494474 0.528883 -0.006541 0.387484 0.364951 -0.846562 0.205172 0 0 0 1
-0.610279 0.789901 0.060130 -0.010028 0.690605 0.493302 0.528883 -0.006242 0.388104 0.364292 -0.846562 0.205315 0 0 0 1
-0.600537 0.798444 0.042918 -0.010563 0.695446 0.495074 0.520822 -0.006038 0.394600 0.342620 -0.852586 0.205420 0 0 0 1
-0.602501 0.797090 0.040492 -0.010952 0.687808 0.492823 0.532959 -0.005644 0.404861 0.348959 -0.845172 0.205679 0 0 0 1
-0.598785 0.800058 0.036943 -0.011353 0.690331 0.492176 0.530288 -0.005409 0.406079 0.343032 -0.847012 0.205864 0 0 0 1
-0.604909 0.795389 0.037959 -0.011709 0.677209 0.488785 0.549979 -0.004960 0.418894 0.358393 -0.834315 0.206210 0 0 0 1
-0.601666 0.797978 0.035070 -0.012106 0.679146 0.487971 0.548310 -0.004732 0.420426 0.353717 -0.835539 0.206431 0 0 0 1
-0.611781 0.790224 0.035655 -0.012468 0.658463 0.483759 0.576545 -0.004211 0.438351 0.376197 -0.816287 0.206868 0 0 0 1
-0.609902 0.791739 0.034190 -0.012850 0.658925 0.482678 0.576923 -0.003973 0.440269 0.374395 -0.816083 0.207123 0 0 0 1
-0.607006 0.793951 0.034439 -0.013216 0.662680 0.481773 0.573367 -0.003778 0.438634 0.370859 -0.818574 0.207359 0 0 0 1
-0.605633 0.795010 0.034172 -0.013586 0.663137 0.480505 0.573903 -0.003543 0.439839 0.370235 -0.818210 0.207627 0 0 0 1
-0.606679 0.794231 0.033716 -0.013957 0.659009 0.478764 0.580079 -0.003252 0.444575 0.374141 -0.813862 0.207938 0 0 0 1
-0.596212 0.802226 0.031050 -0.014350 0.673966 0.479125 0.562325 -0.003198 0.436235 0.356192 -0.826333 0.208082 0 0 0 1
-0.602744 0.797235 0.033392 -0.014691 0.662266 0.476482 0.578247 -0.002804 0.445088 0.370649 -0.815178 0.208459 0 0 0 1
-0.592178 0.805394 0.025812 -0.015130 0.672847 0.476588 0.565811 -0.002689 0.443399 0.352428 -0.824131 0.208632 0 0 0 1
-0.587265 0.809126 0.020847 -0.015540 0.675343 0.475644 0.563626 -0.002466 0.446129 0.345077 -0.825767 0.208871 0 0 0 1
-0.583083 0.812338 0.011033 -0.015998 0.671860 0.474526 0.568708 -0.002161 0.456748 0.339017 -0.822465 0.209151 0 0 0 1
-0.575339 0.817908 0.003299 -0.016432 0.676484 0.473583 0.563994 -0.001945 0.459733 0.326720 -0.825772 0.209354 0 0 0 1
-0.560530 0.828064 -0.010759 -0.016926 0.687760 0.472715 0.550932 -0.001802 0.461293 0.301414 -0.834481 0.209490 0 0 0 1
-0.550520 0.834460 -0.024579 -0.017416 0.689706 0.471215 0.549784 -0.001528 0.470354 0.285715 -0.834945 0.209695 0 0 0 1
-0.534267 0.844537 -0.036272 -0.017881 0.705774 0.469277 0.530718 -0.001423 0.465233 0.257945 -0.846772 0.209775 0 0 0 1
-0.521804 0.851805 -0.046358 -0.018329 0.716099 0.466910 0.518842 -0.001237 0.463597 0.237536 -0.853612 0.209893 0 0 0 1
-0.504347 0.861091 -0.064472 -0.018854 0.726975 0.463713 0.506436 -0.001047 0.465984 0.208550 -0.859864 0.210006 0 0 0 1
-0.497243 0.864881 -0.068775 -0.019240 0.732745 0.461074 0.500495 -0.000784 0.464579 0.198473 -0.863003 0.210141 0 0 0 1
-0.481485 0.872906 -0.078785 -0.019681 0.750294 0.456972 0.477740 -0.000682 0.453025 0.170912 -0.874962 0.210179 0 0 0 1
-0.463451 0.881350 -0.091841 -0.020151 0.769711 0.451750 0.451073 -0.000613 0.439042 0.138359 -0.887749 0.210201 0 0 0 1
-0.454357 0.885589 -0.096398 -0.020534 0.779989 0.447766 0.437175 -0.000409 0.430321 0.123444 -0.894195 0.210280 0 0 0 1
-0.451393 0.887103 -0.096398 -0.020871 0.781482 0.445156 0.437175 -0.000062 0.430732 0.122005 -0.894195 0.210418 0 0 0 1
-0.438221 0.892817 -0.104116 -0.021284 0.797528 0.439628 0.413130 0.000049 0.414622 0.098007 -0.904701 0.210446 0 0 0 1
-0.426390 0.897849 -0.109814 -0.021676 0.813906 0.433797 0.386494 0.000137 0.394650 0.075419 -0.915731 0.210465 0 0 0 1
-0.422130 0.899616 -0.111790 -0.022031 0.815037 0.430615 0.387667 0.000507 0.396890 0.072532 -0.914996 0.210598 0 0 0 1
-0.414838 0.903268 -0.109621 -0.022343 0.831670 0.425283 0.357014 0.000560 0.369099 0.056935 -0.927644 0.210596 0 0 0 1
-0.406388 0.906899 -0.111283 -0.022694 0.845529 0.419429 0.330393 0.000655 0.346309 0.040175 -0.937260 0.210624 0 0 0 1
-0.398954 0.909359 -0.117909 -0.023094 0.847877 0.414798 0.330224 0.001015 0.349200 0.031772 -0.936509 0.210755 0 0 0 1
-0.395422 0.911128 -0.116133 -0.023411 0.852103 0.411092 0.323919 0.001313 0.342873 0.029127 -0.938930 0.210855 0 0 0 1
-0.391585 0.912784 -0.116133 -0.023746 0.853825 0.407503 0.323919 0.001674 0.342993 0.027685 -0.938930 0.210981 0 0 0 1
-0.389245 0.914033 -0.114158 -0.024061 0.853983 0.404538 0.327204 0.002065 0.345256 0.029873 -0.938033 0.211119 0 0 0 1
-0.390867 0.914408 -0.105266 -0.024309 0.853815 0.402913 0.329638 0.002446 0.343837 0.038967 -0.938221 0.211248 0 0 0 1
-0.382987 0.917051 -0.111078 -0.024704 0.856592 0.397577 0.328911 0.002793 0.345790 0.030820 -0.937806 0.211384 0 0 0 1
-0.381396 0.918290 -0.106205 -0.024994 0.858471 0.394459 0.327764 0.003133 0.342876 0.033834 -0.938771 0.211508 0 0 0 1
-0.392354 0.915911 -0.084649 -0.025120 0.852459 0.396648 0.340564 0.003611 0.345502 0.061461 -0.936403 0.211664 0 0 0 1
-0.387733 0.917877 -0.084649 -0.025463 0.854447 0.392347 0.340564 0.003957 0.345808 0.059720 -0.936403 0.211796 0 0 0 1
-0.389309 0.917979 -0.075850 -0.025720 0.853521 0.390480 0.345002 0.004345 0.346323 0.069573 -0.935532 0.211935 0 0 0 1
-0.395446 0.916535 -0.059891 -0.025909 0.851627 0.390302 0.349852 0.004734 0.344027 0.087343 -0.934889 0.212069 0 0 0 1
-0.401166 0.914890 -0.045180 -0.026114 0.849093 0.389914 0.356382 0.005136 0.343666 0.104607 -0.933248 0.212210 0 0 0 1
-0.405891 0.913415 -0.030437 -0.026321 0.848425 0.388974 0.358990 0.005496 0.339746 0.119888 -0.932845 0.212334 0 0 0 1
-0.423010 0.906102 0.006472 -0.026311 0.846880 0.392802 0.358471 0.005820 0.322269 0.157117 -0.933518 0.212442 0 0 0 1
-0.417657 0.908582 0.006472 -0.026674 0.849182 0.387799 0.358471 0.006146 0.323191 0.155213 -0.933518 0.212552 0 0 0 1
-0.414965 0.909746 0.012905 -0.026977 0.852262 0.383702 0.355560 0.006438 0.318517 0.158543 -0.934564 0.212644 0 0 0 1
-0.419682 0.907041 0.033828 -0.027140 0.855126 0.382616 0.349806 0.006698 0.304345 0.175734 -0.936211 0.212723 0 0 0 1
-0.419378 0.906662 0.045680 -0.027398 0.857893 0.379359 0.346563 0.006978 0.296887 0.184529 -0.936914 0.212804 0 0 0 1
-0.426195 0.901147 0.079314 -0.027444 0.864200 0.379661 0.330174 0.007122 0.267423 0.209262 -0.940582 0.212845 0 0 0 1
-0.419592 0.904241 0.079314 -0.027832 0.866955 0.373329 0.330174 0.007425 0.268946 0.207300 -0.940582 0.212914 0 0 0 1
-0.420404 0.900976 0.107253 -0.027947 0.875016 0.371318 0.310596 0.007528 0.240014 0.224424 -0.944472 0.212934 0 0 0 1
-0.410134 0.905434 0.109455 -0.028325 0.882233 0.363444 0.299288 0.007708 0.231205 0.219313 -0.947864 0.212947 0 0 0 1
-0.407417 0.904272 0.127684 -0.028547 0.887766 0.359368 0.287622 0.007881 0.214203 0.230536 -0.949195 0.212971 0 0 0 1
-0.401251 0.905904 0.135407 -0.028879 0.892098 0.352973 0.282082 0.008112 0.207744 0.233982 -0.949787 0.212992 0 0 0 1
-0.389561 0.907283 0.158364 -0.029061 0.905924 0.346492 0.243403 0.008009 0.165964 0.238286 -0.956909 0.212937 0 0 0 1
-0.374677 0.913827 0.156646 -0.029492 0.914039 0.335747 0.227613 0.008135 0.155406 0.228462 -0.961069 0.212902 0 0 0 1
-0.360792 0.921156 0.145950 -0.030014 0.918453 0.323727 0.227256 0.008414 0.162090 0.216040 -0.962836 0.212881 0 0 0 1
-0.345607 0.926378 0.149598 -0.030392 0.927455 0.312960 0.204654 0.008472 0.142769 0.209475 -0.967335 0.212824 0 0 0 1
-0.335055 0.924594 0.181287 -0.030490 0.937635 0.308286 0.160627 0.008316 0.092626 0.223800 -0.970224 0.212773 0 0 0 1
-0.315605 0.933396 0.170778 -0.031009 0.945257 0.293527 0.142588 0.008423 0.082963 0.206431 -0.974938 0.212696 0 0 0 1
-0.300627 0.936728 0.179342 -0.031334 0.952050 0.283544 0.114908 0.008437 0.056786 0.205287 -0.977053 0.212635 0 0 0 1
-0.284852 0.941267 0.181316 -0.031723 0.957818 0.271993 0.092760 0.008510 0.037995 0.200090 -0.979040 0.212567 0 0 0 1
-0.269645 0.948358 0.167056 -0.032269 0.961889 0.257084 0.093148 0.008813 0.045390 0.185807 -0.981537 0.212486 0 0 0 1
-0.240335 0.957269 0.160858 -0.032730 0.970630 0.238832 0.028911 0.008476 -0.010742 0.163082 -0.986554 0.212371 0 0 0 1
-0.221271 0.963338 0.151717 -0.033215 0.974763 0.223201 0.004410 0.008543 -0.029615 0.148864 -0.988414 0.212280 0 0 0 1
-0.210851 0.965673 0.151717 -0.033602 0.977117 0.212657 0.004410 0.008862 -0.028005 0.149175 -0.988414 0.212201 0 0 0 1
-0.192731 0.965937 0.172684 -0.033773 0.977091 0.205108 -0.056785 0.008577 -0.090270 0.157784 -0.983339 0.212166 0 0 0 1
-0.182401 0.967941 0.172684 -0.034147 0.979226 0.194658 -0.056785 0.008909 -0.088579 0.158739 -0.983339 0.212076 0 0 0 1
-0.161996 0.974946 0.152438 -0.034719 0.981353 0.175366 -0.078698 0.009028 -0.103458 0.136846 -0.985175 0.211966 0 0 0 1
-0.135495 0.983939 0.116214 -0.035445 0.981816 0.149083 -0.117521 0.008983 -0.132959 0.098178 -0.986247 0.211863 0 0 0 1
-0.118117 0.987920 0.100316 -0.035963 0.981844 0.131293 -0.136909 0.009138 -0.148426 0.082323 -0.985491 0.211780 0 0 0 1
-0.100970 0.991409 0.083146 -0.036490 0.981403 0.112967 -0.155201 0.009307 -0.163260 0.065929 -0.984378 0.211702 0 0 0 1
-0.073170 0.997155 0.018108 -0.037490 0.978217 0.075293 -0.193450 0.009281 -0.194264 0.003559 -0.980943 0.211653 0 0 0 1
-0.061720 0.997877 0.020776 -0.037810 0.976873 0.064664 -0.203806 0.009537 -0.204717 0.007717 -0.978791 0.211596 0 0 0 1
-0.040816 0.998838 -0.025622 -0.038616 0.977318 0.034577 -0.208934 0.009849 -0.207805 -0.033569 -0.977594 0.211539 0 0 0 1
-0.021829 0.997779 -0.062928 -0.039328 0.975810 0.007569 -0.218488 0.010118 -0.217527 -0.066175 -0.973808 0.211516 0 0 0 1
-0.004932 0.994742 -0.102292 -0.040058 0.968594 -0.020678 -0.247786 0.010192 -0.248599 -0.100302 -0.963399 0.211571 0 0 0 1
0.014079 0.988971 -0.147437 -0.040842 0.966060 -0.051490 -0.253132 0.010506 -0.257932 -0.138869 -0.956131 0.211608 0 0 0 1
0.023256 0.990514 -0.135432 -0.041053 0.961407 -0.059307 -0.268662 0.010720 -0.274146 -0.123957 -0.953666 0.211612 0 0 0 1
0.036765 0.990104 -0.135432 -0.041382 0.960508 -0.072415 -0.268662 0.011089 -0.275811 -0.120206 -0.953666 0.211607 0 0 0 1
0.062450 0.957495 -0.281609 -0.043170 0.947430 -0.145591 -0.284919 0.011295 -0.313808 -0.249011 -0.916252 0.211995 0 0 0 1
0.081386 0.937383 -0.338657 -0.044066 0.942222 -0.183143 -0.280493 0.011708 -0.324952 -0.296262 -0.898129 0.212209 0 0 0 1
0.096110 0.935988 -0.338657 -0.044390 0.939227 -0.197930 -0.280493 0.012075 -0.329568 -0.291118 -0.898129 0.212263 0 0 0 1
0.108723 0.921204 -0.373580 -0.045062 0.930049 -0.226952 -0.288965 0.012356 -0.350981 -0.316030 -0.881440 0.212502 0 0 0 1
0.114592 0.910332 -0.397700 -0.045625 0.916604 -0.251244 -0.310988 0.012501 -0.383022 -0.328896 -0.863204 0.212774 0 0 0 1
0.126118 0.890889 -0.436361 -0.046332 0.906073 -0.282539 -0.314966 0.012826 -0.403889 -0.355652 -0.842844 0.213083 0 0 0 1
0.137551 0.869494 -0.474405 -0.047033 0.895348 -0.313979 -0.315862 0.013180 -0.423593 -0.381311 -0.821688 0.213414 0 0 0 1
0.149545 0.858104 -0.491217 -0.047521 0.885658 -0.337130 -0.319301 0.013509 -0.439597 -0.387300 -0.810403 0.213659 0 0 0 1
0.166124 0.855049 -0.491217 -0.047840 0.878968 -0.354206 -0.319301 0.013870 -0.447010 -0.378721 -0.810403 0.213801 0 0 0 1
0.173456 0.827730 -0.533644 -0.048583 0.864137 -0.387841 -0.320698 0.014217 -0.472420 -0.405514 -0.782545 0.214231 0 0 0 1
0.192254 0.803840 -0.562921 -0.049195 0.856107 -0.417783 -0.304201 0.014743 -0.479708 -0.423436 -0.768493 0.214530 0 0 0 1
0.204404 0.794094 -0.572393 -0.049608 0.844443 -0.438798 -0.307200 0.015072 -0.495111 -0.420561 -0.760259 0.214777 0 0 0 1
0.216191 0.762958 -0.609226 -0.050296 0.831351 -0.471051 -0.294901 0.015554 -0.511974 -0.442726 -0.736123 0.215187 0 0 0 1
0.226718 0.745840 -0.626355 -0.050786 0.817816 -0.495038 -0.293453 0.015927 -0.528939 -0.445712 -0.722194 0.215497 0 0 0 1
0.241863 0.715986 -0.654878 -0.051391 0.805806 -0.524191 -0.275500 0.016464 -0.540536 -0.461071 -0.703729 0.215854 0 0 0 1
0.259707 0.702088 -0.663042 -0.051793 0.794637 -0.545517 -0.266390 0.016912 -0.548730 -0.457694 -0.699579 0.216067 0 0 0 1
0.277919 0.684237 -0.674226 -0.052226 0.782965 -0.567989 -0.253680 0.017396 -0.556530 -0.457393 -0.693589 0.216295 0 0 0 1
0.294356 0.677388 -0.674167 -0.052547 0.770367 -0.585650 -0.252089 0.017768 -0.565588 -0.445152 -0.694227 0.216454 0 0 0 1
0.304641 0.663383 -0.683459 -0.052962 0.754917 -0.605711 -0.251426 0.018130 -0.580771 -0.439360 -0.685323 0.216705 0 0 0 1
0.308111 0.652519 -0.692305 -0.053373 0.736638 -0.624134 -0.260425 0.018396 -0.602023 -0.429738 -0.672973 0.216988 0 0 0 1
0.328164 0.643894 -0.691165 -0.053684 0.724148 -0.641313 -0.253628 0.018819 -0.606563 -0.417274 -0.676730 0.217107 0 0 0 1
0.353765 0.634174 -0.687512 -0.053969 0.713173 -0.658471 -0.240417 0.019306 -0.605173 -0.405264 -0.685220 0.217177 0 0 0 1
0.369082 0.627968 -0.685153 -0.054267 0.698206 -0.673914 -0.241553 0.019651 -0.613422 -0.389225 -0.687180 0.217311 0 0 0 1
0.392011 0.624423 -0.675592 -0.054492 0.685679 -0.687914 -0.237948 0.020042 -0.613329 -0.369961 -0.697823 0.217357 0 0 0 1
0.416416 0.619551 -0.665398 -0.054710 0.673388 -0.701902 -0.232124 0.020457 -0.610857 -0.351411 -0.709482 0.217391 0 0 0 1
0.430591 0.609785 -0.665398 -0.055028 0.657025 -0.717243 -0.232124 0.020813 -0.618797 -0.337233 -0.709482 0.217542 0 0 0 1
0.457446 0.604623 -0.652054 -0.055212 0.645131 -0.730315 -0.224601 0.021246 -0.612004 -0.317917 -0.724141 0.217546 0 0 0 1
0.471253 0.593925 -0.652054 -0.055527 0.628137 -0.744982 -0.224601 0.021603 -0.619165 -0.303735 -0.724141 0.217698 0 0 0 1
0.486373 0.581476 -0.652171 -0.055841 0.611276 -0.759777 -0.221543 0.021993 -0.624326 -0.290904 -0.724977 0.217841 0 0 0 1
0.502222 0.568653 -0.651465 -0.056145 0.594472 -0.774154 -0.217460 0.022393 -0.627994 -0.278064 -0.726845 0.217975 0 0 0 1
0.533243 0.556294 -0.637329 -0.056312 0.582457 -0.787797 -0.200297 0.022925 -0.613510 -0.264410 -0.744105 0.217957 0 0 0 1
0.545768 0.544011 -0.637329 -0.056617 0.564374 -0.800852 -0.200297 0.023287 -0.619370 -0.250376 -0.744105 0.218114 0 0 0 1
0.578796 0.531245 -0.618687 -0.056734 0.552402 -0.813521 -0.181756 0.023835 -0.599872 -0.236565 -0.764324 0.218070 0 0 0 1
0.595177 0.513369 -0.618236 -0.057028 0.534370 -0.827432 -0.172641 0.024290 -0.600177 -0.227615 -0.766798 0.218207 0 0 0 1
0.621090 0.501175 -0.602553 -0.057167 0.519915 -0.838767 -0.161736 0.024765 -0.586460 -0.212824 -0.781518 0.218224 0 0 0 1
0.638216 0.485564 -0.597418 -0.057408 0.502302 -0.850717 -0.154833 0.025201 -0.583415 -0.201268 -0.786841 0.218338 0 0 0 1
0.655623 0.469416 -0.591445 -0.057636 0.484596 -0.862267 -0.147181 0.025647 -0.579073 -0.190117 -0.792799 0.218450 0 0 0 1
0.667740 0.452985 -0.590702 -0.057912 0.465509 -0.873332 -0.143503 0.026055 -0.580883 -0.179155 -0.794027 0.218613 0 0 0 1
0.682537 0.435832 -0.586680 -0.058152 0.446931 -0.884049 -0.136787 0.026494 -0.578270 -0.168843 -0.798183 0.218751 0 0 0 1
0.699622 0.414027 -0.582333 -0.058384 0.427616 -0.895556 -0.122980 0.027006 -0.572428 -0.162975 -0.803595 0.218881 0 0 0 1
0.703825 0.392788 -0.591903 -0.058754 0.405787 -0.906208 -0.118844 0.027421 -0.583067 -0.156541 -0.797200 0.219133 0 0 0 1
0.718188 0.377036 -0.584850 -0.058956 0.387617 -0.914776 -0.113741 0.027846 -0.577891 -0.145010 -0.803127 0.219265 0 0 0 1
0.725295 0.353106 -0.590986 -0.059288 0.365978 -0.924857 -0.103438 0.028323 -0.583102 -0.141265 -0.800023 0.219491 0 0 0 1
0.732363 0.338202 -0.590986 -0.059558 0.346992 -0.932147 -0.103438 0.028695 -0.585868 -0.129313 -0.800023 0.219689 0 0 0 1
0.745290 0.315025 -0.587624 -0.059796 0.326924 -0.940783 -0.089711 0.029204 -0.581088 -0.125248 -0.804145 0.219850 0 0 0 1
0.755239 0.291071 -0.587275 -0.060064 0.306263 -0.948873 -0.076434 0.029706 -0.579497 -0.122135 -0.805770 0.220038 0 0 0 1
0.762765 0.271909 -0.586732 -0.060332 0.286842 -0.955426 -0.069871 0.030138 -0.579578 -0.115004 -0.806761 0.220236 0 0 0 1
0.773869 0.254390 -0.580011 -0.060541 0.268554 -0.961185 -0.063257 0.030568 -0.573590 -0.106811 -0.812149 0.220393 0 0 0 1
0.781681 0.232923 -0.578551 -0.060806 0.248964 -0.967064 -0.052962 0.031031 -0.571832 -0.102639 -0.813925 0.220588 0 0 0 1
0.789728 0.214850 -0.574603 -0.061049 0.230687 -0.971923 -0.046359 0.031453 -0.568430 -0.095943 -0.817118 0.220772 0 0 0 1
0.798278 0.195746 -0.569592 -0.061286 0.212403 -0.976448 -0.037885 0.031889 -0.563593 -0.090740 -0.821054 0.220951 0 0 0 1
0.806002 0.177436 -0.564692 -0.061529 0.194569 -0.980419 -0.030351 0.032312 -0.559020 -0.085409 -0.824743 0.221133 0 0 0 1
0.816022 0.155223 -0.556789 -0.061745 0.175755 -0.984290 -0.016819 0.032792 -0.550653 -0.084133 -0.830483 0.221296 0 0 0 1
0.821858 0.137158 -0.552935 -0.062004 0.158358 -0.987336 -0.009536 0.033207 -0.547240 -0.079725 -0.833170 0.221490 0 0 0 1
0.823897 0.124327 -0.552935 -0.062304 0.142945 -0.989685 -0.009536 0.033548 -0.548416 -0.071183 -0.833170 0.221711 0 0 0 1
0.830148 0.107903 -0.547003 -0.062546 0.126629 -0.991944 -0.003497 0.033948 -0.542973 -0.066363 -0.837124 0.221891 0 0 0 1
0.839108 0.091291 -0.536250 -0.062741 0.110409 -0.993880 0.003567 0.034358 -0.532643 -0.062200 -0.844052 0.222040 0 0 0 1
0.852415 0.072325 -0.517839 -0.062860 0.093255 -0.995537 0.014463 0.034807 -0.514482 -0.060620 -0.855356 0.222142 0 0 0 1
0.853358 0.060190 -0.517839 -0.063162 0.079081 -0.996763 0.014463 0.035148 -0.515293 -0.053294 -0.855356 0.222354 0 0 0 1
0.872375 0.037314 -0.487410 -0.063158 0.059906 -0.997728 0.030839 0.035655 -0.485152 -0.056102 -0.872628 0.222391 0 0 0 1
0.872807 0.025281 -0.487410 -0.063457 0.046142 -0.998459 0.030839 0.036002 -0.485879 -0.049406 -0.872628 0.222595 0 0 0 1
0.880197 0.009987 -0.474503 -0.063625 0.030605 -0.998892 0.035748 0.036401 -0.473620 -0.045987 -0.879528 0.222725 0 0 0 1
0.884749 -0.004418 -0.466048 -0.063834 0.015677 -0.999107 0.039231 0.036791 -0.465805 -0.042016 -0.883889 0.222875 0 0 0 1
0.888270 -0.019606 -0.458904 -0.064053 0.000497 -0.999047 0.043645 0.037195 -0.459322 -0.038996 -0.887413 0.223027 0 0 0 1
0.894280 -0.036675 -0.446003 -0.064209 -0.015856 -0.998607 0.050323 0.037627 -0.447227 -0.037931 -0.893616 0.223145 0 0 0 1
0.898081 -0.052588 -0.436676 -0.064396 -0.031521 -0.997969 0.055357 0.038050 -0.438700 -0.035951 -0.897914 0.223275 0 0 0 1
0.897312 -0.064391 -0.436676 -0.064671 -0.044639 -0.997468 0.055357 0.038430 -0.439135 -0.030180 -0.897914 0.223439 0 0 0 1
0.900541 -0.078761 -0.427578 -0.064848 -0.059548 -0.996530 0.058147 0.038846 -0.430674 -0.026902 -0.902106 0.223552 0 0 0 1
0.908055 -0.097298 -0.407394 -0.064909 -0.077331 -0.994869 0.065240 0.039313 -0.411651 -0.027737 -0.910919 0.223610 0 0 0 1
0.906695 -0.109246 -0.407394 -0.065166 -0.090424 -0.993764 0.065240 0.039716 -0.411981 -0.022315 -0.910919 0.223750 0 0 0 1
0.906868 -0.123020 -0.403060 -0.065375 -0.104708 -0.992226 0.067253 0.040145 -0.408200 -0.018786 -0.912699 0.223864 0 0 0 1
0.909720 -0.142660 -0.389945 -0.065491 -0.122629 -0.989543 0.075932 0.040647 -0.396701 -0.021258 -0.917702 0.223941 0 0 0 1
0.908425 -0.159112 -0.386584 -0.065701 -0.138111 -0.987041 0.081707 0.041124 -0.394574 -0.020833 -0.918628 0.224053 0 0 0 1
0.908464 -0.176968 -0.378650 -0.065862 -0.154658 -0.983968 0.088813 0.041620 -0.388296 -0.022122 -0.921269 0.224144 0 0 0 1
0.906151 -0.188455 -0.378650 -0.066099 -0.167104 -0.981931 0.088813 0.042047 -0.388545 -0.017204 -0.921269 0.224258 0 0 0 1
0.904520 -0.204890 -0.373984 -0.066288 -0.182410 -0.978625 0.094970 0.042540 -0.385448 -0.017684 -0.922560 0.224357 0 0 0 1
0.901933 -0.215995 -0.373984 -0.066520 -0.194427 -0.976309 0.094970 0.042973 -0.385637 -0.012944 -0.922560 0.224467 0 0 0 1
0.898407 -0.240356 -0.367550 -0.066687 -0.213557 -0.970420 0.112598 0.043584 -0.383742 -0.022666 -0.923162 0.224570 0 0 0 1
0.895161 -0.257261 -0.364011 -0.066882 -0.228477 -0.966018 0.120864 0.044102 -0.382734 -0.025024 -0.923519 0.224675 0 0 0 1
0.892721 -0.266783 -0.363147 -0.067104 -0.239324 -0.963553 0.119540 0.044525 -0.381802 -0.019807 -0.924032 0.224780 0 0 0 1
0.888962 -0.282902 -0.360157 -0.067304 -0.253398 -0.958890 0.127750 0.045042 -0.381492 -0.022302 -0.924103 0.224891 0 0 0 1
0.886140 -0.293769 -0.358407 -0.067517 -0.264641 -0.955678 0.129014 0.045489 -0.380422 -0.019475 -0.924608 0.225001 0 0 0 1
0.881964 -0.308950 -0.355936 -0.067723 -0.277743 -0.950823 0.137096 0.046003 -0.380788 -0.022055 -0.924399 0.225121 0 0 0 1
0.881385 -0.316730 -0.350489 -0.067901 -0.287768 -0.948369 0.133362 0.046396 -0.374633 -0.016684 -0.927023 0.225216 0 0 0 1
0.878448 -0.331073 -0.344557 -0.068075 -0.300648 -0.943406 0.139984 0.046892 -0.371403 -0.019378 -0.928270 0.225328 0 0 0 1
0.876681 -0.337350 -0.342967 -0.068292 -0.309075 -0.941289 0.135825 0.047279 -0.368651 -0.013072 -0.929476 0.225443 0 0 0 1
0.872996 -0.337649 -0.351954 -0.068614 -0.313163 -0.941272 0.126238 0.047610 -0.373908 0.000014 -0.927466 0.225594 0 0 0 1
0.871902 -0.349425 -0.343059 -0.068756 -0.324829 -0.936964 0.128779 0.048062 -0.366433 -0.000847 -0.930444 0.225697 0 0 0 1
0.870246 -0.356954 -0.339494 -0.068950 -0.333718 -0.934117 0.126718 0.048467 -0.362360 0.003019 -0.932033 0.225817 0 0 0 1
0.866346 -0.361836 -0.344268 -0.069226 -0.340131 -0.932190 0.123825 0.048864 -0.365727 0.009821 -0.930670 0.225968 0 0 0 1
0.863785 -0.363648 -0.348763 -0.069497 -0.345221 -0.931318 0.116055 0.049212 -0.367013 0.020154 -0.929998 0.226114 0 0 0 1
0.860189 -0.371234 -0.349658 -0.069729 -0.353210 -0.928249 0.116602 0.049643 -0.367856 0.023202 -0.929593 0.226260 0 0 0 1
0.857364 -0.380264 -0.346880 -0.069922 -0.362202 -0.924561 0.118304 0.050087 -0.365699 0.024211 -0.930418 0.226394 0 0 0 1
0.854636 -0.387565 -0.345528 -0.070125 -0.370188 -0.921443 0.117914 0.050510 -0.364084 0.027137 -0.930971 0.226533 0 0 0 1
0.847791 -0.395535 -0.353274 -0.070414 -0.377075 -0.917992 0.122898 0.050989 -0.372914 0.029019 -0.927412 0.226714 0 0 0 1
0.844533 -0.402445 -0.353274 -0.070622 -0.384559 -0.914882 0.122898 0.051419 -0.372664 0.032063 -0.927412 0.226859 0 0 0 1
0.838421 -0.414051 -0.354418 -0.070837 -0.393543 -0.909795 0.131897 0.051940 -0.377060 0.028893 -0.925738 0.227023 0 0 0 1
0.832086 -0.422399 -0.359460 -0.071085 -0.400563 -0.905922 0.137312 0.052427 -0.383643 0.029731 -0.923003 0.227197 0 0 0 1
0.828917 -0.435406 -0.351167 -0.071194 -0.411278 -0.899907 0.144973 0.052940 -0.379140 0.024257 -0.925022 0.227324 0 0 0 1
0.820288 -0.440015 -0.365396 -0.071522 -0.415206 -0.897497 0.148669 0.053414 -0.393358 0.029763 -0.918903 0.227532 0 0 0 1
0.813035 -0.445858 -0.374413 -0.071791 -0.420384 -0.894474 0.152295 0.053891 -0.402805 0.033576 -0.914670 0.227721 0 0 0 1
0.805328 -0.453247 -0.382117 -0.072040 -0.426126 -0.890687 0.158407 0.054396 -0.412144 0.035260 -0.910436 0.227910 0 0 0 1
0.803029 -0.464876 -0.372874 -0.072111 -0.436170 -0.884829 0.163806 0.054896 -0.406080 0.031095 -0.913309 0.228026 0 0 0 1
0.794150 -0.470898 -0.384162 -0.072380 -0.440630 -0.881511 0.169656 0.055405 -0.418534 0.034541 -0.907544 0.228228 0 0 0 1
0.789702 -0.478911 -0.383426 -0.072521 -0.447996 -0.877156 0.172906 0.055891 -0.419131 0.035229 -0.907242 0.228375 0 0 0 1
0.784919 -0.482168 -0.389121 -0.072716 -0.453066 -0.875044 0.170380 0.056323 -0.422650 0.042563 -0.905293 0.228536 0 0 0 1
0.780863 -0.488615 -0.389241 -0.072847 -0.459968 -0.871312 0.171010 0.056791 -0.422708 0.045503 -0.905123 0.228678 0 0 0 1
0.778929 -0.497793 -0.381409 -0.072888 -0.469112 -0.866147 0.172406 0.057272 -0.416178 0.044631 -0.908187 0.228786 0 0 0 1
0.775688 -0.502409 -0.381960 -0.073003 -0.475654 -0.863167 0.169398 0.057712 -0.414802 0.050280 -0.908521 0.228919 0 0 0 1
0.768989 -0.503743 -0.393572 -0.073217 -0.479330 -0.861718 0.166385 0.058158 -0.422963 0.060703 -0.904111 0.229097 0 0 0 1
0.767371 -0.507990 -0.391264 -0.073282 -0.486574 -0.858745 0.160634 0.058582 -0.417596 0.067113 -0.906151 0.229208 0 0 0 1
0.762906 -0.515888 -0.389659 -0.073342 -0.494308 -0.853917 0.162745 0.059090 -0.416695 0.068452 -0.906466 0.229334 0 0 0 1
0.753629 -0.517063 -0.405818 -0.073567 -0.497334 -0.852245 0.162287 0.059578 -0.429769 0.079522 -0.899430 0.229530 0 0 0 1
0.749928 -0.519729 -0.409255 -0.073653 -0.503443 -0.849723 0.156575 0.060019 -0.429130 0.088617 -0.898885 0.229658 0 0 0 1
0.742951 -0.525462 -0.414624 -0.073745 -0.509628 -0.845662 0.158539 0.060544 -0.433938 0.093517 -0.896076 0.229805 0 0 0 1
0.742951 -0.525462 -0.414624 -0.069599 -0.509628 -0.845662 0.158539 0.058958 -0.433938 0.093517 -0.896076 0.238766 0 0 0 1
