# Index r11 r12 r13 tx r21 r22 r23 ty r31 r32 r33 tz 0 0 0 1
0 -0.359174 0.615186 0.701811 0.027928 0.920679 0.356670 0.158540 -0.005619 -0.152784 0.703086 -0.694496 0.235053 0 0 0 1
1 -0.359174 0.615186 0.701811 0.034946 0.920679 0.356670 0.158540 -0.004034 -0.152784 0.703086 -0.694496 0.228108 0 0 0 1
2 -0.366497 0.612995 0.699939 0.034821 0.916791 0.366206 0.159326 -0.003607 -0.158656 0.700091 -0.696203 0.228002 0 0 0 1
3 -0.407838 0.587505 0.698931 0.034695 0.889419 0.428670 0.158662 -0.003201 -0.206396 0.686351 -0.697367 0.227899 0 0 0 1
4 -0.397784 0.597411 0.696324 0.034545 0.896831 0.413290 0.157745 -0.002803 -0.193545 0.687234 -0.700177 0.227779 0 0 0 1
5 -0.451929 0.560664 0.693840 0.034386 0.855587 0.492543 0.159277 -0.002385 -0.252445 0.665624 -0.702292 0.227666 0 0 0 1
6 -0.389363 0.611285 0.689003 0.034196 0.904335 0.395707 0.159978 -0.001980 -0.174851 0.685380 -0.706880 0.227526 0 0 0 1
7 -0.408235 0.600672 0.687412 0.034030 0.892900 0.419409 0.163781 -0.001548 -0.189928 0.680652 -0.707558 0.227425 0 0 0 1
8 -0.414115 0.597587 0.686584 0.033864 0.889226 0.426689 0.164958 -0.001148 -0.194381 0.678840 -0.708089 0.227325 0 0 0 1
9 -0.498834 0.531844 0.684328 0.033676 0.818307 0.549155 0.169706 -0.000715 -0.285545 0.644646 -0.709149 0.227218 0 0 0 1
10 -0.439424 0.591727 0.675843 0.033419 0.875738 0.449689 0.175672 -0.000275 -0.199970 0.669057 -0.715803 0.227055 0 0 0 1
11 -0.453969 0.584028 0.672921 0.033211 0.866782 0.464408 0.181692 0.000162 -0.206396 0.665759 -0.717052 0.226945 0 0 0 1
12 -0.519104 0.526979 0.672921 0.033026 0.806576 0.562513 0.181692 0.000535 -0.282778 0.637080 -0.717052 0.226848 0 0 0 1
13 -0.531112 0.517215 0.671123 0.032817 0.792840 0.582754 0.178325 0.000871 -0.298868 0.626805 -0.719577 0.226724 0 0 0 1
14 -0.520431 0.535552 0.665082 0.032559 0.807953 0.560896 0.180572 0.001261 -0.276336 0.631331 -0.724609 0.226575 0 0 0 1
15 -0.522701 0.538867 0.660609 0.032312 0.808235 0.559721 0.182937 0.001648 -0.271178 0.629550 -0.728099 0.226440 0 0 0 1
16 -0.574694 0.490407 0.655153 0.032050 0.752516 0.631304 0.187545 0.002054 -0.321627 0.600795 -0.731846 0.226303 0 0 0 1
17 -0.505492 0.567851 0.649632 0.031783 0.830190 0.525220 0.186887 0.002406 -0.235076 0.633788 -0.736919 0.226152 0 0 0 1
18 -0.634456 0.418858 0.649632 0.031567 0.667314 0.720946 0.186887 0.002761 -0.390070 0.552081 -0.736919 0.226051 0 0 0 1
19 -0.640429 0.410140 0.649333 0.031344 0.650521 0.739108 0.174756 0.002993 -0.408253 0.534325 -0.740151 0.225917 0 0 0 1
20 -0.637308 0.427961 0.640848 0.031035 0.661560 0.730323 0.170193 0.003299 -0.395190 0.532425 -0.748563 0.225732 0 0 0 1
21 -0.585534 0.504418 0.634595 0.030745 0.740040 0.652144 0.164459 0.003591 -0.330892 0.565923 -0.755142 0.225564 0 0 0 1
22 -0.635072 0.450509 0.627474 0.030444 0.674693 0.719048 0.166605 0.003960 -0.376127 0.529159 -0.760603 0.225407 0 0 0 1
23 -0.578393 0.530621 0.619597 0.030132 0.756558 0.632984 0.164160 0.004282 -0.305089 0.563711 -0.767560 0.225236 0 0 0 1
24 -0.654674 0.439219 0.615213 0.029853 0.651783 0.740209 0.165131 0.004636 -0.382858 0.509092 -0.770872 0.225100 0 0 0 1
25 -0.700216 0.370819 0.610073 0.029564 0.566480 0.808657 0.158658 0.004915 -0.434507 0.456689 -0.776297 0.224944 0 0 0 1
26 -0.636347 0.486778 0.598421 0.029209 0.686834 0.710684 0.152267 0.005194 -0.351169 0.507911 -0.786578 0.224738 0 0 0 1
27 -0.656565 0.465678 0.593349 0.028918 0.657900 0.738308 0.148548 0.005499 -0.368900 0.487897 -0.791118 0.224590 0 0 0 1
28 -0.649789 0.480378 0.589075 0.028635 0.668443 0.730088 0.141965 0.005775 -0.361880 0.486011 -0.795509 0.224444 0 0 0 1
29 -0.632324 0.513780 0.579824 0.028300 0.699067 0.700967 0.141239 0.006108 -0.333872 0.494645 -0.802405 0.224272 0 0 0 1
30 -0.610864 0.546596 0.572779 0.027988 0.730245 0.668506 0.140853 0.006446 -0.305917 0.504311 -0.807516 0.224119 0 0 0 1
31 -0.734664 0.370984 0.568011 0.027699 0.530792 0.835744 0.140677 0.006785 -0.422523 0.404847 -0.810908 0.223983 0 0 0 1
32 -0.587641 0.588571 0.555212 0.027329 0.761218 0.634754 0.132787 0.007048 -0.274269 0.500669 -0.821039 0.223779 0 0 0 1
33 -0.640788 0.529025 0.556347 0.027100 0.695101 0.707442 0.127901 0.007341 -0.325921 0.468675 -0.821047 0.223678 0 0 0 1
34 -0.557202 0.618254 0.554334 0.026840 0.789005 0.602280 0.121359 0.007618 -0.258834 0.504994 -0.823398 0.223552 0 0 0 1
35 -0.591568 0.590269 0.549207 0.026551 0.757325 0.640498 0.127354 0.008021 -0.276593 0.491267 -0.825924 0.223426 0 0 0 1
36 -0.575765 0.605080 0.549883 0.026321 0.772085 0.623668 0.122153 0.008313 -0.269032 0.494888 -0.826260 0.223322 0 0 0 1
37 -0.723747 0.418213 0.548896 0.026075 0.563479 0.817333 0.120236 0.008638 -0.398347 0.396312 -0.827197 0.223212 0 0 0 1
38 -0.523500 0.665229 0.532368 0.025675 0.823678 0.554960 0.116499 0.008946 -0.217945 0.499488 -0.838457 0.222999 0 0 0 1
39 -0.688780 0.489161 0.535071 0.025468 0.632781 0.765826 0.114442 0.009272 -0.353791 0.417408 -0.837019 0.222914 0 0 0 1
40 -0.543776 0.655805 0.523665 0.025120 0.806941 0.579995 0.111582 0.009589 -0.230548 0.483243 -0.844584 0.222739 0 0 0 1
41 -0.599473 0.605314 0.523665 0.024886 0.752668 0.648875 0.111582 0.009935 -0.272252 0.461037 -0.844584 0.222640 0 0 0 1
42 -0.610911 0.597663 0.519216 0.024608 0.741847 0.661186 0.111776 0.010284 -0.276494 0.453464 -0.847301 0.222515 0 0 0 1
43 -0.706920 0.486207 0.513677 0.024319 0.617176 0.778780 0.112223 0.010635 -0.345478 0.396362 -0.850612 0.222385 0 0 0 1
44 -0.643509 0.584267 0.494495 0.023892 0.714635 0.690030 0.114688 0.011006 -0.274208 0.427187 -0.861579 0.222179 0 0 0 1
45 -0.665119 0.565605 0.487550 0.023588 0.690853 0.713907 0.114265 0.011348 -0.283437 0.412826 -0.865584 0.222043 0 0 0 1
46 -0.611460 0.632111 0.475973 0.023236 0.756272 0.643786 0.116575 0.011717 -0.232736 0.431246 -0.871699 0.221887 0 0 0 1
47 -0.641125 0.606604 0.470094 0.022939 0.727122 0.676065 0.119279 0.012090 -0.245459 0.418289 -0.874518 0.221765 0 0 0 1
48 -0.571634 0.678488 0.461396 0.022614 0.798449 0.589497 0.122353 0.012465 -0.188976 0.438343 -0.878716 0.221630 0 0 0 1
49 -0.651705 0.603954 0.458822 0.022348 0.720578 0.681827 0.126000 0.012846 -0.236739 0.412733 -0.879548 0.221529 0 0 0 1
50 -0.657491 0.604049 0.450364 0.022021 0.717234 0.684879 0.128506 0.013215 -0.230821 0.407509 -0.883547 0.221398 0 0 0 1
51 -0.700075 0.561499 0.441149 0.021684 0.669406 0.731125 0.131720 0.013590 -0.248574 0.387522 -0.887714 0.221266 0 0 0 1
52 -0.508236 0.747573 0.427584 0.021302 0.853590 0.503191 0.134835 0.013963 -0.114357 0.433510 -0.893862 0.221116 0 0 0 1
53 -0.778012 0.452444 0.435878 0.021137 0.551866 0.823737 0.129997 0.014256 -0.300233 0.341686 -0.890566 0.221061 0 0 0 1
54 -0.630817 0.652462 0.419955 0.020728 0.752367 0.646698 0.125394 0.014551 -0.189769 0.395061 -0.898839 0.220892 0 0 0 1
55 -0.720225 0.553275 0.418522 0.020463 0.648753 0.750859 0.123808 0.014876 -0.245751 0.360687 -0.899727 0.220799 0 0 0 1
56 -0.796095 0.444377 0.410805 0.020134 0.530343 0.839261 0.119899 0.015177 -0.291492 0.313319 -0.903804 0.220675 0 0 0 1
57 -0.652328 0.648349 0.392568 0.019700 0.734233 0.669077 0.115048 0.015470 -0.188067 0.363286 -0.912498 0.220507 0 0 0 1
58 -0.501444 0.769735 0.395045 0.019473 0.857310 0.503539 0.107080 0.015732 -0.116498 0.392371 -0.912399 0.220429 0 0 0 1
59 -0.766003 0.499946 0.404093 0.019313 0.580509 0.807994 0.100766 0.016011 -0.276128 0.311767 -0.909150 0.220384 0 0 0 1
60 -0.741678 0.538112 0.400434 0.019027 0.615692 0.783045 0.088102 0.016229 -0.266149 0.311887 -0.912079 0.220280 0 0 0 1
61 -0.807469 0.440332 0.392555 0.018701 0.507105 0.858111 0.080544 0.016498 -0.301390 0.264103 -0.916194 0.220166 0 0 0 1
62 -0.644864 0.663709 0.378997 0.018320 0.735045 0.674436 0.069591 0.016736 -0.209421 0.323457 -0.922776 0.220030 0 0 0 1
63 -0.685796 0.622209 0.377541 0.018062 0.689596 0.721380 0.063763 0.017026 -0.232677 0.304080 -0.923794 0.219953 0 0 0 1
64 -0.516219 0.771647 0.371587 0.017763 0.842505 0.535515 0.058368 0.017323 -0.153951 0.343195 -0.926560 0.219861 0 0 0 1
65 -0.686425 0.624663 0.372310 0.017534 0.689377 0.721934 0.059738 0.017690 -0.231467 0.297668 -0.926183 0.219803 0 0 0 1
66 -0.624298 0.693121 0.360324 0.017181 0.756791 0.650990 0.058970 0.018039 -0.193694 0.309505 -0.930960 0.219697 0 0 0 1
67 -0.512907 0.781304 0.355653 0.016907 0.846131 0.530037 0.055859 0.018367 -0.144866 0.329580 -0.932946 0.219622 0 0 0 1
68 -0.535116 0.766675 0.354765 0.016674 0.830897 0.553477 0.057189 0.018743 -0.152509 0.325376 -0.933204 0.219568 0 0 0 1
69 -0.568772 0.743090 0.352583 0.016435 0.805683 0.589586 0.057105 0.019109 -0.165444 0.316550 -0.934036 0.219512 0 0 0 1
70 -0.471260 0.811250 0.346100 0.016158 0.873868 0.482610 0.058656 0.019494 -0.119447 0.330088 -0.936361 0.219444 0 0 0 1
71 -0.598244 0.722715 0.346100 0.015951 0.782613 0.619737 0.058656 0.019868 -0.172100 0.305954 -0.936361 0.219403 0 0 0 1
72 -0.562783 0.757484 0.330896 0.015600 0.814547 0.576321 0.066061 0.020321 -0.140662 0.306709 -0.941351 0.219317 0 0 0 1
73 -0.495199 0.808516 0.317927 0.015278 0.863112 0.499571 0.073919 0.020782 -0.099062 0.311012 -0.945228 0.219245 0 0 0 1
74 -0.370015 0.875124 0.311839 0.015030 0.927920 0.364497 0.078131 0.021212 -0.045290 0.318272 -0.946916 0.219200 0 0 0 1
75 -0.466157 0.827597 0.312697 0.014857 0.881314 0.465298 0.082353 0.021644 -0.077342 0.313974 -0.946275 0.219180 0 0 0 1
76 -0.439212 0.844540 0.306337 0.014616 0.896497 0.434102 0.088580 0.022099 -0.058173 0.313536 -0.947792 0.219143 0 0 0 1
77 -0.411092 0.860263 0.301578 0.014393 0.910720 0.402047 0.094579 0.022553 -0.039886 0.313534 -0.948738 0.219113 0 0 0 1
78 -0.416790 0.858448 0.298917 0.014193 0.908285 0.406354 0.099460 0.022997 -0.036085 0.312956 -0.949081 0.219092 0 0 0 1
79 -0.424621 0.855399 0.296628 0.013998 0.904701 0.413481 0.102700 0.023426 -0.034801 0.311968 -0.949454 0.219072 0 0 0 1
80 -0.406677 0.865019 0.293860 0.013797 0.913261 0.393303 0.106134 0.023856 -0.023768 0.311533 -0.949937 0.219053 0 0 0 1
81 -0.403718 0.866404 0.293860 0.013622 0.914601 0.390178 0.106134 0.024250 -0.022702 0.311613 -0.949937 0.219040 0 0 0 1
82 -0.504157 0.812729 0.292053 0.013427 0.861913 0.494712 0.111189 0.024693 -0.054116 0.307782 -0.949916 0.219027 0 0 0 1
83 -0.472308 0.834036 0.285145 0.013177 0.880733 0.459440 0.114987 0.025122 -0.035104 0.305446 -0.951561 0.218999 0 0 0 1
84 -0.521925 0.805145 0.281662 0.012957 0.851567 0.510894 0.117554 0.025534 -0.049251 0.301208 -0.952285 0.218979 0 0 0 1
85 -0.491872 0.825245 0.277545 0.012725 0.869916 0.479041 0.117319 0.025915 -0.036138 0.299147 -0.953521 0.218954 0 0 0 1
86 -0.473430 0.836793 0.275025 0.012502 0.880428 0.458987 0.119060 0.026311 -0.026604 0.298507 -0.954036 0.218935 0 0 0 1
87 -0.506880 0.817289 0.274060 0.012286 0.861282 0.493286 0.121907 0.026713 -0.035557 0.297836 -0.953954 0.218921 0 0 0 1
88 -0.529280 0.803692 0.271918 0.012050 0.847528 0.515727 0.125382 0.027115 -0.039467 0.296820 -0.954117 0.218903 0 0 0 1
89 -0.513557 0.813829 0.271918 0.011825 0.857392 0.499155 0.125382 0.027476 -0.033690 0.297531 -0.954117 0.218885 0 0 0 1
90 -0.537132 0.798253 0.272541 0.011597 0.842535 0.523165 0.128180 0.027858 -0.040264 0.298476 -0.953566 0.218871 0 0 0 1
91 -0.616920 0.737874 0.273770 0.011364 0.783868 0.607197 0.129850 0.028222 -0.070419 0.294707 -0.952988 0.218854 0 0 0 1
92 -0.683616 0.677402 0.271650 0.011089 0.723540 0.677821 0.130559 0.028570 -0.095689 0.285802 -0.953498 0.218826 0 0 0 1
93 -0.501590 0.824371 0.262331 0.010733 0.864957 0.483490 0.134479 0.028944 -0.015974 0.294359 -0.955560 0.218781 0 0 0 1
94 -0.696404 0.666214 0.266793 0.010508 0.711968 0.688056 0.140279 0.029332 -0.090113 0.287639 -0.953489 0.218776 0 0 0 1
95 -0.660642 0.703743 0.261335 0.010175 0.747432 0.649068 0.141611 0.029670 -0.069967 0.288884 -0.954803 0.218737 0 0 0 1
96 -0.605161 0.751985 0.261335 0.009891 0.794667 0.590296 0.141611 0.029990 -0.047776 0.293372 -0.954803 0.218710 0 0 0 1
97 -0.761833 0.592816 0.261109 0.009598 0.638475 0.755242 0.148179 0.030372 -0.109357 0.279599 -0.953868 0.218693 0 0 0 1
98 -0.679060 0.688909 0.253535 0.009226 0.731018 0.666134 0.147906 0.030682 -0.066995 0.285776 -0.955951 0.218645 0 0 0 1
99 -0.541882 0.803170 0.247547 0.008865 0.840446 0.519063 0.155633 0.031068 -0.003493 0.292385 -0.956293 0.218616 0 0 0 1
100 -0.697487 0.671003 0.251526 0.008599 0.714110 0.680058 0.166033 0.031477 -0.059644 0.295423 -0.953502 0.218618 0 0 0 1
101 -0.639069 0.729753 0.243000 0.008205 0.768861 0.614741 0.175910 0.031879 -0.021011 0.299252 -0.953942 0.218590 0 0 0 1
102 -0.810439 0.533775 0.241394 0.007877 0.578414 0.794420 0.185291 0.032273 -0.092865 0.289792 -0.952573 0.218580 0 0 0 1
103 -0.737112 0.634993 0.231187 0.007460 0.674081 0.715074 0.185156 0.032571 -0.047743 0.292320 -0.955127 0.218533 0 0 0 1
104 -0.769004 0.598354 0.224953 0.007080 0.636932 0.747105 0.190129 0.032917 -0.054299 0.289490 -0.955639 0.218508 0 0 0 1
105 -0.681322 0.698696 0.218225 0.006695 0.731937 0.653611 0.192506 0.033237 -0.008131 0.290886 -0.956722 0.218480 0 0 0 1
106 -0.741742 0.634730 0.216644 0.006360 0.670074 0.715117 0.199014 0.033597 -0.028606 0.292785 -0.955749 0.218474 0 0 0 1
107 -0.697899 0.684926 0.209312 0.005968 0.716195 0.667104 0.205027 0.033952 0.000795 0.292997 -0.956112 0.218458 0 0 0 1
108 -0.731069 0.650327 0.206425 0.005620 0.682266 0.699895 0.211324 0.034310 -0.007046 0.295329 -0.955369 0.218456 0 0 0 1
109 -0.731140 0.651165 0.203512 0.005274 0.682221 0.699040 0.214281 0.034635 -0.002731 0.295510 -0.955335 0.218449 0 0 0 1
110 -0.786338 0.583313 0.203512 0.004958 0.617110 0.757138 0.214281 0.034931 -0.029094 0.294087 -0.955335 0.218446 0 0 0 1
111 -0.751503 0.630520 0.194128 0.004549 0.659721 0.719600 0.216661 0.035251 -0.003085 0.290892 -0.956750 0.218432 0 0 0 1
112 -0.791185 0.580864 0.191366 0.004208 0.611260 0.761122 0.216918 0.035551 -0.019653 0.288597 -0.957248 0.218429 0 0 0 1
113 -0.689496 0.699448 0.188057 0.003863 0.723815 0.656033 0.213801 0.035817 0.026172 0.283534 -0.958604 0.218420 0 0 0 1
114 -0.738288 0.647496 0.188884 0.003561 0.674455 0.706118 0.215653 0.036134 0.006260 0.286608 -0.958026 0.218433 0 0 0 1
115 -0.741647 0.643406 0.189704 0.003260 0.670785 0.710351 0.213184 0.036409 0.002408 0.285358 -0.958417 0.218437 0 0 0 1
116 -0.825075 0.532052 0.190185 0.002956 0.563610 0.798767 0.210506 0.036682 -0.039914 0.280874 -0.958913 0.218442 0 0 0 1
117 -0.726860 0.662318 0.181677 0.002564 0.686703 0.696822 0.207065 0.036947 0.010547 0.275266 -0.961309 0.218430 0 0 0 1
118 -0.748531 0.636852 0.184714 0.002288 0.663087 0.720530 0.202857 0.037206 -0.003902 0.274326 -0.961628 0.218439 0 0 0 1
119 -0.833239 0.520338 0.186973 0.002005 0.550748 0.810970 0.197490 0.037454 -0.048868 0.267531 -0.962308 0.218444 0 0 0 1
120 -0.641632 0.742957 0.190582 0.001737 0.766749 0.614801 0.184698 0.037628 0.020053 0.264637 -0.964138 0.218439 0 0 0 1
121 -0.852376 0.485819 0.193477 0.001462 0.518113 0.834689 0.186686 0.037950 -0.070798 0.259370 -0.963178 0.218461 0 0 0 1
122 -0.698184 0.689118 0.194045 0.001165 0.715827 0.676248 0.174007 0.038126 -0.011311 0.260392 -0.965436 0.218451 0 0 0 1
123 -0.925476 0.325328 0.194045 0.000863 0.358844 0.917034 0.174007 0.038430 -0.121337 0.230671 -0.965436 0.218462 0 0 0 1
124 -0.695206 0.693060 0.190667 0.000528 0.718502 0.677762 0.156175 0.038555 -0.020988 0.245569 -0.969151 0.218436 0 0 0 1
125 -0.752014 0.630966 0.190667 0.000227 0.657809 0.736814 0.156175 0.038860 -0.041945 0.242868 -0.969151 0.218445 0 0 0 1
126 -0.751485 0.630672 0.193704 -0.000043 0.657912 0.738256 0.148752 0.039091 -0.049189 0.239225 -0.969716 0.218447 0 0 0 1
127 -0.728802 0.656568 0.194329 -0.000337 0.683242 0.715980 0.143355 0.039342 -0.045013 0.237251 -0.970404 0.218445 0 0 0 1
128 -0.834231 0.515186 0.196571 -0.000614 0.543765 0.827781 0.138188 0.039596 -0.091526 0.222169 -0.970702 0.218445 0 0 0 1
129 -0.690935 0.696080 0.195142 -0.000928 0.721574 0.680488 0.127532 0.039796 -0.044019 0.228926 -0.972447 0.218429 0 0 0 1
130 -0.866718 0.459039 0.195142 -0.001227 0.486487 0.864328 0.127532 0.040103 -0.110124 0.205469 -0.972447 0.218427 0 0 0 1
131 -0.691313 0.697277 0.189445 -0.001583 0.720943 0.683140 0.116441 0.040299 -0.048225 0.217077 -0.974962 0.218397 0 0 0 1
132 -0.794989 0.576282 0.189445 -0.001882 0.600958 0.790752 0.116441 0.040606 -0.082701 0.206418 -0.974962 0.218390 0 0 0 1
133 -0.740095 0.647244 0.182572 -0.002250 0.669752 0.733910 0.113167 0.040881 -0.060745 0.206032 -0.976657 0.218365 0 0 0 1
134 -0.735650 0.653505 0.178181 -0.002593 0.675047 0.729039 0.113184 0.041188 -0.055934 0.203544 -0.977466 0.218346 0 0 0 1
135 -0.663764 0.726069 0.179550 -0.002878 0.746921 0.656009 0.108445 0.041448 -0.039048 0.206092 -0.977752 0.218330 0 0 0 1
136 -0.744944 0.641553 0.182938 -0.003143 0.663800 0.740163 0.107359 0.041745 -0.066528 0.201411 -0.977244 0.218321 0 0 0 1
137 -0.796763 0.577527 0.177846 -0.003494 0.599115 0.793389 0.107673 0.042056 -0.078917 0.192341 -0.978149 0.218296 0 0 0 1
138 -0.594374 0.785118 0.174093 -0.003831 0.803894 0.585918 0.102235 0.042308 -0.021738 0.200719 -0.979407 0.218266 0 0 0 1
139 -0.699560 0.692722 0.175358 -0.004119 0.713157 0.692266 0.110333 0.042696 -0.044965 0.202242 -0.978302 0.218258 0 0 0 1
140 -0.689302 0.702930 0.175358 -0.004419 0.723255 0.681709 0.110333 0.043003 -0.041987 0.202881 -0.978302 0.218239 0 0 0 1
141 -0.723270 0.668048 0.174900 -0.004725 0.688708 0.716361 0.111828 0.043324 -0.050585 0.201337 -0.978214 0.218219 0 0 0 1
142 -0.679253 0.713461 0.172010 -0.005056 0.733073 0.670728 0.112806 0.043640 -0.034889 0.202720 -0.978614 0.218194 0 0 0 1
143 -0.707344 0.686431 0.168742 -0.005391 0.705928 0.698288 0.118567 0.044002 -0.036442 0.202988 -0.978502 0.218173 0 0 0 1
144 -0.723173 0.669735 0.168742 -0.005695 0.689437 0.714574 0.118567 0.044307 -0.041170 0.202082 -0.978502 0.218151 0 0 0 1
145 -0.709284 0.684269 0.169382 -0.005992 0.703853 0.700685 0.116746 0.044593 -0.038798 0.202026 -0.978610 0.218128 0 0 0 1
146 -0.711555 0.682493 0.167006 -0.006321 0.701709 0.702417 0.119219 0.044921 -0.035941 0.202021 -0.978721 0.218105 0 0 0 1
147 -0.730206 0.662912 0.165364 -0.006643 0.682108 0.721173 0.120976 0.045240 -0.039060 0.201134 -0.978784 0.218082 0 0 0 1
148 -0.772676 0.614539 0.159093 -0.007013 0.633249 0.763693 0.125569 0.045588 -0.044331 0.197770 -0.979244 0.218055 0 0 0 1
149 -0.681615 0.716112 0.150272 -0.007410 0.731657 0.669499 0.128249 0.045915 -0.008766 0.197364 -0.980290 0.218023 0 0 0 1
150 -0.751724 0.642429 0.148977 -0.007732 0.659014 0.740239 0.133211 0.046264 -0.024700 0.198316 -0.979826 0.218007 0 0 0 1
151 -0.728354 0.669133 0.147507 -0.008056 0.684981 0.716482 0.132108 0.046552 -0.017289 0.197261 -0.980197 0.217983 0 0 0 1
152 -0.729918 0.668026 0.144774 -0.008394 0.683387 0.717591 0.134328 0.046873 -0.014153 0.196985 -0.980303 0.217963 0 0 0 1
153 -0.724745 0.674002 0.143055 -0.008721 0.688936 0.712042 0.135504 0.047183 -0.010531 0.196762 -0.980394 0.217944 0 0 0 1
154 -0.821374 0.552157 0.143055 -0.009032 0.568897 0.811168 0.135504 0.047481 -0.041222 0.192683 -0.980394 0.217928 0 0 0 1
155 -0.709778 0.693233 0.125065 -0.009522 0.704355 0.695944 0.139799 0.047823 0.009875 0.187317 -0.982249 0.217895 0 0 0 1
156 -0.723097 0.680184 0.120323 -0.009879 0.690605 0.708393 0.145750 0.048181 0.013901 0.188487 -0.981976 0.217886 0 0 0 1
157 -0.768506 0.628425 0.120323 -0.010188 0.639840 0.754559 0.145750 0.048480 0.000802 0.188997 -0.981976 0.217875 0 0 0 1
158 -0.730231 0.673165 0.116659 -0.010533 0.683057 0.715870 0.144780 0.048771 0.013948 0.185408 -0.982562 0.217862 0 0 0 1
159 -0.660773 0.741858 0.114122 -0.010865 0.749782 0.645360 0.146070 0.049085 0.034713 0.182086 -0.982669 0.217856 0 0 0 1
160 -0.845421 0.520612 0.119267 -0.011119 0.533564 0.833240 0.144977 0.049376 -0.023901 0.186203 -0.982219 0.217858 0 0 0 1
161 -0.682238 0.724104 0.101101 -0.011604 0.730153 0.667640 0.145367 0.049684 0.037762 0.172994 -0.984198 0.217839 0 0 0 1
162 -0.752487 0.650844 0.100814 -0.011909 0.658248 0.738166 0.147713 0.050012 0.021721 0.177513 -0.983878 0.217847 0 0 0 1
163 -0.781154 0.616739 0.097104 -0.012246 0.624133 0.767428 0.146665 0.050309 0.015934 0.175174 -0.984408 0.217849 0 0 0 1
164 -0.777165 0.623182 0.087504 -0.012640 0.628798 0.763485 0.147314 0.050624 0.024995 0.169510 -0.985210 0.217853 0 0 0 1
165 -0.676453 0.731900 0.082043 -0.012989 0.734685 0.662820 0.144584 0.050908 0.051441 0.158081 -0.986084 0.217860 0 0 0 1
166 -0.554263 0.828419 0.080698 -0.013295 0.828701 0.540184 0.146470 0.051240 0.077747 0.148058 -0.985917 0.217882 0 0 0 1
167 -0.823010 0.561189 0.087862 -0.013512 0.567908 0.809794 0.147348 0.051565 0.011540 0.171166 -0.985174 0.217913 0 0 0 1
168 -0.715005 0.694972 0.076019 -0.013916 0.697592 0.702035 0.143212 0.051842 0.046160 0.155428 -0.986767 0.217927 0 0 0 1
169 -0.647868 0.758256 0.072889 -0.014230 0.759307 0.635168 0.141465 0.052147 0.060971 0.146996 -0.987255 0.217955 0 0 0 1
170 -0.701241 0.709187 0.072889 -0.014509 0.711159 0.688650 0.141465 0.052471 0.050131 0.151037 -0.987255 0.217993 0 0 0 1
171 -0.632252 0.771556 0.070403 -0.014810 0.772150 0.620060 0.138950 0.052773 0.063554 0.142213 -0.987793 0.218029 0 0 0 1
172 -0.684924 0.725204 0.070403 -0.015083 0.726654 0.672804 0.138950 0.053103 0.053400 0.146329 -0.987793 0.218072 0 0 0 1
173 -0.644989 0.760901 0.070832 -0.015349 0.762080 0.633555 0.133567 0.053381 0.056755 0.140129 -0.988504 0.218110 0 0 0 1
174 -0.519932 0.851193 0.071689 -0.015607 0.850958 0.508816 0.130285 0.053682 0.074421 0.128744 -0.988880 0.218151 0 0 0 1
175 -0.773580 0.628760 0.078946 -0.015800 0.633383 0.763247 0.127587 0.053992 0.019966 0.148702 -0.988679 0.218199 0 0 0 1
176 -0.681397 0.727705 0.078372 -0.016068 0.731248 0.672303 0.115251 0.054207 0.031179 0.135841 -0.990239 0.218227 0 0 0 1
177 -0.595947 0.799107 0.079203 -0.016320 0.802047 0.587459 0.107751 0.054473 0.039576 0.127738 -0.991017 0.218262 0 0 0 1
178 -0.517331 0.852111 0.079203 -0.016578 0.854231 0.508603 0.107751 0.054816 0.051533 0.123401 -0.991017 0.218301 0 0 0 1
179 -0.468748 0.879099 0.086364 -0.016762 0.881850 0.460062 0.103350 0.055116 0.051123 0.124605 -0.990888 0.218339 0 0 0 1
180 -0.524783 0.845732 0.096638 -0.016914 0.850635 0.516762 0.096820 0.055396 0.031945 0.133014 -0.990598 0.218373 0 0 0 1
181 -0.569071 0.815668 0.104128 -0.017092 0.822145 0.562038 0.090489 0.055681 0.015285 0.137103 -0.990438 0.218402 0 0 0 1
182 -0.446072 0.888163 0.110386 -0.017281 0.894652 0.439073 0.082530 0.055950 0.024833 0.135571 -0.990455 0.218422 0 0 0 1
183 -0.575342 0.808545 0.123429 -0.017401 0.817809 0.571075 0.071130 0.056186 -0.012975 0.141865 -0.989800 0.218442 0 0 0 1
184 -0.541973 0.831281 0.123429 -0.017650 0.840364 0.537334 0.071130 0.056537 -0.007193 0.142276 -0.989800 0.218448 0 0 0 1
185 -0.547850 0.826527 0.129270 -0.017840 0.836414 0.544201 0.065236 0.056830 -0.016430 0.143863 -0.989460 0.218449 0 0 0 1
186 -0.295674 0.945423 0.136929 -0.018010 0.955197 0.290613 0.056048 0.057092 0.013196 0.147366 -0.988993 0.218441 0 0 0 1
187 -0.571570 0.805540 0.156241 -0.018064 0.818441 0.573319 0.038182 0.057267 -0.058819 0.149698 -0.986980 0.218439 0 0 0 1
188 -0.512319 0.844462 0.156241 -0.018310 0.857455 0.513138 0.038182 0.057621 -0.047930 0.153531 -0.986980 0.218405 0 0 0 1
189 -0.583150 0.795724 0.163577 -0.018482 0.809308 0.586504 0.032115 0.057916 -0.070384 0.151112 -0.986007 0.218370 0 0 0 1
190 -0.576620 0.799077 0.170246 -0.018661 0.812946 0.581917 0.022112 0.058171 -0.081400 0.151151 -0.985152 0.218320 0 0 0 1
191 -0.782021 0.599548 0.170246 -0.018907 0.611309 0.791082 0.022112 0.058527 -0.121421 0.121365 -0.985152 0.218249 0 0 0 1
192 -0.555365 0.812449 0.177468 -0.019081 0.825636 0.564201 0.000812 0.058670 -0.099468 0.146975 -0.984125 0.218173 0 0 0 1
193 -0.702963 0.686634 0.185405 -0.019247 0.697552 0.716480 -0.008665 0.058932 -0.138789 0.123239 -0.982623 0.218090 0 0 0 1
194 -0.577868 0.792655 0.194329 -0.019403 0.804497 0.593306 -0.027754 0.059097 -0.137296 0.140299 -0.980543 0.218002 0 0 0 1
195 -0.740486 0.643361 0.194329 -0.019649 0.651452 0.758181 -0.027754 0.059452 -0.165193 0.106045 -0.980543 0.217885 0 0 0 1
196 -0.516511 0.834144 0.193437 -0.019903 0.845340 0.532725 -0.040026 0.059685 -0.136437 0.142846 -0.980295 0.217765 0 0 0 1
197 -0.555817 0.806241 0.202585 -0.020057 0.816578 0.575177 -0.048686 0.059953 -0.155775 0.138366 -0.978053 0.217662 0 0 0 1
198 -0.742988 0.637151 0.204953 -0.020277 0.642132 0.764947 -0.050207 0.060291 -0.188767 0.094304 -0.977482 0.217541 0 0 0 1
199 -0.837067 0.507940 0.203259 -0.020538 0.506670 0.859888 -0.062261 0.060524 -0.206405 0.050869 -0.977142 0.217419 0 0 0 1
200 -0.653277 0.732969 0.189691 -0.020917 0.734847 0.674158 -0.074216 0.060756 -0.182280 0.090910 -0.979034 0.217278 0 0 0 1
201 -0.564745 0.804483 0.184033 -0.021216 0.807999 0.584382 -0.075053 0.061098 -0.167924 0.106313 -0.980049 0.217152 0 0 0 1
202 -0.564075 0.804390 0.186478 -0.021433 0.807624 0.584482 -0.078246 0.061415 -0.171934 0.106467 -0.979337 0.217051 0 0 0 1
203 -0.271618 0.944104 0.186785 -0.021670 0.953810 0.289953 -0.078561 0.061759 -0.128328 0.156819 -0.979254 0.216955 0 0 0 1
204 -0.438347 0.878698 0.189048 -0.021887 0.891026 0.452445 -0.036943 0.062520 -0.117996 0.152253 -0.981272 0.216850 0 0 0 1
205 -0.487791 0.853179 0.184782 -0.022167 0.866734 0.498572 -0.013996 0.063093 -0.104069 0.153330 -0.982679 0.216767 0 0 0 1
206 -0.521833 0.834044 0.179051 -0.022461 0.848132 0.529767 0.004103 0.063615 -0.091433 0.154000 -0.983830 0.216704 0 0 0 1
207 -0.560280 0.809901 0.173625 -0.022750 0.823967 0.566383 0.016926 0.064082 -0.084630 0.152544 -0.984665 0.216664 0 0 0 1
208 -0.309154 0.935027 0.173625 -0.022984 0.950244 0.311042 0.016926 0.064419 -0.038178 0.170219 -0.984665 0.216654 0 0 0 1
209 -0.285981 0.942457 0.173168 -0.023220 0.958233 0.281010 0.053109 0.065114 0.001391 0.181124 -0.983458 0.216681 0 0 0 1
210 -0.539450 0.824289 0.171871 -0.023463 0.841939 0.530819 0.096789 0.065882 -0.011450 0.196917 -0.980352 0.216753 0 0 0 1
211 -0.257623 0.950836 0.171871 -0.023690 0.964945 0.243951 0.096789 0.066210 0.050102 0.190781 -0.980352 0.216823 0 0 0 1
212 -0.430158 0.886355 0.171281 -0.023923 0.900993 0.409681 0.142726 0.066994 0.056336 0.215718 -0.974828 0.216977 0 0 0 1
213 -0.312547 0.935631 0.164036 -0.024220 0.943596 0.285944 0.166913 0.067558 0.109264 0.206952 -0.972230 0.217127 0 0 0 1
214 -0.258899 0.952498 0.160368 -0.024480 0.952726 0.224492 0.204730 0.068256 0.159004 0.205791 -0.965591 0.217340 0 0 0 1
215 -0.498443 0.853699 0.150832 -0.024799 0.850215 0.447390 0.277445 0.069301 0.169374 0.266530 -0.948827 0.217675 0 0 0 1
216 -0.294444 0.943690 0.150832 -0.025022 0.928853 0.245470 0.277445 0.069616 0.224798 0.221792 -0.948827 0.217859 0 0 0 1
217 -0.282956 0.948341 0.143466 -0.025318 0.917579 0.224102 0.328367 0.070439 0.279253 0.224555 -0.933590 0.218210 0 0 0 1
218 -0.337639 0.930934 0.139139 -0.025585 0.888806 0.266652 0.372719 0.071195 0.309875 0.249512 -0.917452 0.218581 0 0 0 1
219 -0.253844 0.959204 0.124456 -0.025956 0.885363 0.178612 0.429218 0.072071 0.389479 0.219143 -0.894584 0.219030 0 0 0 1
220 -0.427539 0.896181 0.118611 -0.026240 0.811582 0.322723 0.487013 0.072959 0.398173 0.304480 -0.865302 0.219548 0 0 0 1
221 -0.397620 0.911559 0.104671 -0.026606 0.803326 0.290728 0.519752 0.073595 0.443354 0.290749 -0.847880 0.219952 0 0 0 1
222 -0.692570 0.714882 0.096378 -0.026918 0.636820 0.543175 0.547192 0.074178 0.338828 0.440345 -0.831439 0.220346 0 0 0 1
223 -0.563472 0.821437 0.087964 -0.027233 0.718675 0.434880 0.542571 0.074440 0.407435 0.368942 -0.835390 0.220535 0 0 0 1
224 -0.879156 0.469600 0.080987 -0.027536 0.432864 0.715903 0.547823 0.074800 0.199280 0.516678 -0.832664 0.220786 0 0 0 1
225 -0.989239 0.125979 0.074387 -0.027839 0.146228 0.835304 0.529984 0.074930 0.004631 0.535159 -0.844737 0.220882 0 0 0 1
226 -0.614708 0.785923 0.066756 -0.028156 0.701431 0.505985 0.501967 0.074958 0.360731 0.355389 -0.862305 0.220912 0 0 0 1
227 -0.569317 0.820067 0.058016 -0.028487 0.724328 0.466967 0.507237 0.075320 0.388878 0.330801 -0.859850 0.221130 0 0 0 1
228 -0.522242 -0.850821 0.058016 -0.028735 -0.718630 0.475689 0.507237 0.075630 -0.459166 0.223209 -0.859850 0.221308 0 0 0 1
229 -0.717788 -0.694609 0.047925 -0.029088 -0.614325 0.664213 0.425939 0.075127 -0.327693 0.276293 -0.903481 0.221031 0 0 0 1
230 -0.589715 -0.806789 0.036401 -0.029461 -0.744812 0.560733 0.361706 0.074797 -0.312232 0.186191 -0.931580 0.220888 0 0 0 1
231 -0.501967 -0.864729 0.016427 -0.029923 -0.830405 0.487178 0.270337 0.074197 -0.241771 0.122059 -0.962625 0.220692 0 0 0 1
232 -0.647464 0.761970 0.013770 -0.030218 0.749976 0.633855 0.189108 0.073700 0.135366 0.132768 -0.981859 0.220588 0 0 0 1
233 -0.848174 -0.529537 0.013770 -0.030492 -0.517821 0.834325 0.189108 0.074017 -0.111629 0.153266 -0.981859 0.220647 0 0 0 1
234 -0.807978 0.589192 0.004710 -0.030863 0.584334 0.800238 0.134799 0.073793 0.075653 0.111667 -0.990861 0.220588 0 0 0 1
235 -0.674619 0.738147 -0.005171 -0.031246 0.731337 0.669313 0.131009 0.074075 0.100165 0.084599 -0.991367 0.220589 0 0 0 1
236 -0.383261 0.923624 -0.005171 -0.031536 0.915416 0.380589 0.131009 0.074396 0.122971 0.045477 -0.991367 0.220573 0 0 0 1
237 -0.663895 -0.747809 -0.004723 -0.031824 -0.737631 0.653794 0.168680 0.075094 -0.123053 0.115470 -0.985659 0.220595 0 0 0 1
238 -0.755802 -0.654592 -0.016449 -0.032238 -0.653055 0.751721 0.091826 0.074648 -0.047744 0.080144 -0.995638 0.220443 0 0 0 1
239 -0.880120 -0.474461 -0.016537 -0.032539 -0.474745 0.879442 0.034589 0.074397 -0.001868 0.038293 -0.999264 0.220341 0 0 0 1
240 -0.914612 -0.403396 -0.027478 -0.032950 -0.402986 0.915000 -0.019358 0.074178 0.032951 -0.006632 -0.999434 0.220263 0 0 0 1
241 -0.962253 0.270512 -0.029852 -0.033278 0.271938 0.960059 -0.065837 0.074033 0.010850 -0.071469 -0.997383 0.220198 0 0 0 1
242 -0.800838 0.597892 -0.034385 -0.033628 0.598339 0.796356 -0.088349 0.074127 -0.025440 -0.091327 -0.995495 0.220126 0 0 0 1
243 -0.701590 0.711229 -0.043837 -0.034029 0.711760 0.696506 -0.090967 0.074417 -0.034165 -0.095023 -0.994888 0.220039 0 0 0 1
244 -0.464882 0.884088 -0.047655 -0.034373 0.883575 0.459838 -0.088559 0.074756 -0.056380 -0.083276 -0.994929 0.219945 0 0 0 1
245 -0.564300 0.823250 -0.061826 -0.034820 0.825551 0.563185 -0.035851 0.075595 0.005305 -0.071271 -0.997442 0.219829 0 0 0 1
246 -0.589677 0.804718 -0.068612 -0.035193 0.807091 0.590274 -0.013384 0.076129 0.029729 -0.063268 -0.997553 0.219743 0 0 0 1
247 -0.439173 0.893806 -0.090755 -0.035717 0.896096 0.443037 0.026975 0.076838 0.064318 -0.069479 -0.995507 0.219687 0 0 0 1
248 -0.843587 0.527112 -0.102530 -0.036136 0.521075 0.849665 0.080919 0.077679 0.129770 0.014836 -0.991432 0.219663 0 0 0 1
249 -0.343075 0.932383 -0.113837 -0.036548 0.932642 0.352542 0.076758 0.077935 0.111700 -0.079835 -0.990529 0.219620 0 0 0 1
250 -0.700067 0.701293 -0.134508 -0.037050 0.677940 0.711905 0.183264 0.079294 0.224279 0.037109 -0.973817 0.219753 0 0 0 1
251 -0.383485 0.913699 -0.134508 -0.037342 0.896544 0.403264 0.183264 0.079582 0.221691 -0.050313 -0.973817 0.219738 0 0 0 1
252 -0.501601 0.853186 -0.143067 -0.037715 0.818340 0.521589 0.241376 0.080446 0.280561 0.003997 -0.959827 0.219885 0 0 0 1
253 -0.692340 0.705794 -0.150059 -0.038068 0.657648 0.702787 0.271270 0.081022 0.296921 0.089126 -0.950733 0.220008 0 0 0 1
254 -0.456234 0.877115 -0.150059 -0.038346 0.834113 0.480276 0.271270 0.081294 0.310005 -0.001403 -0.950733 0.220068 0 0 0 1
255 -0.369140 0.915856 -0.157931 -0.038697 0.862465 0.400893 0.308930 0.081935 0.346249 -0.022172 -0.937880 0.220285 0 0 0 1
256 -0.316260 0.933703 -0.167854 -0.039064 0.858281 0.356989 0.368661 0.082792 0.404142 -0.027474 -0.914282 0.220636 0 0 0 1
257 -0.652822 0.738082 -0.170459 -0.039352 0.628685 0.653437 0.421632 0.083576 0.422583 0.168086 -0.890600 0.221013 0 0 0 1
258 -0.292447 0.940966 -0.170459 -0.039610 0.841456 0.337900 0.421632 0.083826 0.454340 -0.020129 -0.890600 0.221178 0 0 0 1
259 -0.625799 0.759711 -0.176674 -0.039927 0.614352 0.619656 0.488463 0.084739 0.480568 0.197140 -0.854511 0.221726 0 0 0 1
260 -0.266006 0.947642 -0.176674 -0.040177 0.812165 0.319044 0.488463 0.084979 0.519255 -0.013554 -0.854511 0.221934 0 0 0 1
261 -0.508447 0.841852 -0.181014 -0.040467 0.654775 0.514508 0.553668 0.085868 0.559240 0.162988 -0.812824 0.222578 0 0 0 1
262 -0.317382 0.930430 -0.183214 -0.040732 0.741529 0.363933 0.563636 0.086201 0.591102 0.043029 -0.805447 0.222898 0 0 0 1
263 -0.571826 0.800180 -0.180901 -0.040949 0.587270 0.553240 0.590794 0.086702 0.572824 0.231593 -0.786279 0.223353 0 0 0 1
264 -0.239472 0.953900 -0.180901 -0.041187 0.748949 0.300060 0.590794 0.086929 0.617841 0.005993 -0.786279 0.223631 0 0 0 1
265 -0.321550 0.930261 -0.176684 -0.041380 0.690466 0.358041 0.628539 0.087532 0.647966 0.080113 -0.757443 0.224212 0 0 0 1
266 -0.536870 0.825427 -0.174468 -0.041591 0.566687 0.506020 0.650237 0.087971 0.625008 0.250224 -0.739426 0.224697 0 0 0 1
267 -0.406450 0.896860 -0.174468 -0.041822 0.636425 0.414915 0.650237 0.088192 0.655561 0.153253 -0.739426 0.225013 0 0 0 1
268 -0.422919 0.889904 -0.170905 -0.042016 0.624637 0.422928 0.656475 0.088474 0.656480 0.170882 -0.734732 0.225386 0 0 0 1
269 -0.405211 0.898562 -0.168490 -0.042221 0.628668 0.407679 0.662248 0.088751 0.663761 0.162426 -0.730094 0.225767 0 0 0 1
270 -0.479206 0.861491 -0.167908 -0.042443 0.583598 0.455635 0.672167 0.089068 0.655571 0.224116 -0.721108 0.226199 0 0 0 1
271 -0.563477 0.809472 -0.165063 -0.042642 0.536920 0.510682 0.671505 0.089279 0.627860 0.289752 -0.722380 0.226533 0 0 0 1
272 -0.733295 0.659954 -0.163515 -0.042853 0.411290 0.622068 0.666236 0.089444 0.541403 0.421296 -0.727592 0.226832 0 0 0 1
273 -0.573304 0.802922 -0.163207 -0.043076 0.547671 0.523688 0.652538 0.089525 0.609407 0.284719 -0.739970 0.227063 0 0 0 1
274 -0.514844 0.841390 -0.164306 -0.043314 0.585732 0.485189 0.649236 0.089711 0.625981 0.238016 -0.742627 0.227392 0 0 0 1
275 -0.978135 0.127486 -0.164306 -0.043542 -0.009934 0.760521 0.649236 0.089932 0.207727 0.636673 -0.742627 0.227747 0 0 0 1
276 -0.880734 0.443097 -0.167245 -0.043800 0.254929 0.741135 0.621070 0.089872 0.399146 0.504362 -0.765702 0.227870 0 0 0 1
277 -0.839198 0.516618 -0.169852 -0.044055 0.327431 0.729369 0.600673 0.089892 0.434204 0.448469 -0.781243 0.228066 0 0 0 1
278 -0.536301 0.826039 -0.173316 -0.044321 0.619986 0.524884 0.583191 0.089943 0.572710 0.205313 -0.793630 0.228288 0 0 0 1
279 -0.969245 -0.173019 -0.175002 -0.044570 -0.243730 0.773187 0.585471 0.090194 0.034012 0.610119 -0.791578 0.228650 0 0 0 1
280 -0.965910 0.184152 -0.181946 -0.044875 0.055733 0.834277 0.548520 0.090056 0.252805 0.519681 -0.816100 0.228739 0 0 0 1
281 -0.567781 0.801859 -0.186131 -0.045154 0.634686 0.570423 0.521334 0.090019 0.524210 0.177869 -0.832805 0.228897 0 0 0 1
282 -0.817158 -0.545533 -0.186131 -0.045393 -0.552768 0.650121 0.521334 0.090258 -0.163397 0.528900 -0.832805 0.229212 0 0 0 1
283 -0.757494 0.622918 -0.195382 -0.045728 0.486209 0.738012 0.467907 0.089966 0.435663 0.259441 -0.861909 0.229225 0 0 0 1
284 -0.633137 0.748122 -0.198618 -0.046006 0.614871 0.641972 0.458043 0.090114 0.470179 0.167880 -0.866456 0.229471 0 0 0 1
285 -0.975331 -0.095074 -0.199220 -0.046262 -0.178090 0.872155 0.455661 0.090342 0.130430 0.479900 -0.867572 0.229737 0 0 0 1
286 -0.752992 0.624873 -0.206240 -0.046585 0.508292 0.751387 0.420779 0.090250 0.417899 0.212013 -0.883407 0.229840 0 0 0 1
287 -0.974444 -0.074028 -0.212077 -0.046900 -0.158266 0.896251 0.414348 0.090448 0.159400 0.437324 -0.885063 0.230068 0 0 0 1
288 -0.951601 0.219904 -0.214701 -0.047188 0.125694 0.915966 0.381058 0.090383 0.280455 0.335629 -0.899275 0.230152 0 0 0 1
289 -0.926179 0.307593 -0.218122 -0.047488 0.217739 0.908518 0.356627 0.090414 0.307864 0.282807 -0.908426 0.230266 0 0 0 1
290 -0.636589 0.738259 -0.222992 -0.047808 0.660855 0.671245 0.335706 0.090485 0.397520 0.066341 -0.915191 0.230384 0 0 0 1
291 -0.895462 0.385254 -0.222992 -0.048084 0.300489 0.892752 0.335706 0.090773 0.328408 0.233605 -0.915191 0.230546 0 0 0 1
292 -0.928574 0.292044 -0.229039 -0.048427 0.211998 0.923892 0.318556 0.090897 0.304640 0.247247 -0.919816 0.230638 0 0 0 1
293 -0.809207 0.536929 -0.238515 -0.048809 0.465031 0.833451 0.298501 0.090999 0.359065 0.130632 -0.924124 0.230707 0 0 0 1
294 -0.931010 0.269325 -0.246339 -0.049181 0.194302 0.937050 0.290141 0.091226 0.308975 0.222260 -0.924734 0.230787 0 0 0 1
295 -0.848907 0.466200 -0.249022 -0.049509 0.402281 0.875505 0.267691 0.091321 0.342818 0.127068 -0.930767 0.230784 0 0 0 1
296 -0.893476 -0.370131 -0.254366 -0.049869 -0.431009 0.865850 0.254035 0.091512 0.126216 0.336608 -0.933146 0.230788 0 0 0 1
297 -0.813081 0.515346 -0.270769 -0.050347 0.475051 0.856204 0.203073 0.091340 0.336487 0.036486 -0.940980 0.230707 0 0 0 1
298 -0.910210 0.306476 -0.278546 -0.050746 0.259684 0.946291 0.192602 0.091582 0.322613 0.102974 -0.940912 0.230671 0 0 0 1
299 -0.818508 0.497148 -0.287900 -0.051169 0.466649 0.867643 0.171557 0.091727 0.335084 0.006072 -0.942168 0.230589 0 0 0 1
300 0.000502 0.000000 -0.293490 -0.051561 0.000373 -0.000000 0.157498 0.091953 -0.000094 -0.000000 -0.942898 0.230476 0 0 0 1
301 0.000502 0.000000 -0.293490 -0.048627 0.000373 -0.000000 0.157498 0.090378 -0.000094 -0.000000 -0.942898 0.239905 0 0 0 1
