-0.910730 -0.350187 -0.218951 0.031373 0.261481 -0.899266 0.350641 -0.039963 -0.319685 0.262088 0.910556 0.312793 0.000000 0.000000 0.000000 1.000000
-0.910730 -0.350187 -0.218951 0.037942 0.261481 -0.899266 0.350641 -0.050482 -0.319685 0.262088 0.910556 0.285477 0.000000 0.000000 0.000000 1.000000
-0.912179 -0.344010 -0.222682 0.038091 0.255398 -0.902201 0.347570 -0.049387 -0.320472 0.260174 0.910828 0.285506 0.000000 0.000000 0.000000 1.000000
-0.913582 -0.337809 -0.226392 0.038240 0.249306 -0.905089 0.344472 -0.048292 -0.321270 0.258263 0.911090 0.285536 0.000000 0.000000 0.000000 1.000000
-0.914940 -0.331584 -0.230079 0.038389 0.243205 -0.907928 0.341347 -0.047197 -0.322081 0.256355 0.911343 0.285565 0.000000 0.000000 0.000000 1.000000
-0.916253 -0.325337 -0.233744 0.038538 0.237096 -0.910720 0.338194 -0.046102 -0.322903 0.254452 0.911586 0.285595 0.000000 0.000000 0.000000 1.000000
-0.917520 -0.319067 -0.237387 0.038687 0.230979 -0.913463 0.335015 -0.045006 -0.323736 0.252552 0.911818 0.285624 0.000000 0.000000 0.000000 1.000000
-0.918743 -0.312775 -0.241006 0.038835 0.224854 -0.916157 0.331809 -0.043911 -0.324581 0.250656 0.912041 0.285654 0.000000 0.000000 0.000000 1.000000
-0.919919 -0.306461 -0.244603 0.038984 0.218722 -0.918803 0.328577 -0.042816 -0.325438 0.248764 0.912254 0.285683 0.000000 0.000000 0.000000 1.000000
-0.921050 -0.300126 -0.248176 0.039133 0.212583 -0.921399 0.325318 -0.041721 -0.326306 0.246876 0.912456 0.285713 0.000000 0.000000 0.000000 1.000000
-0.922135 -0.293769 -0.251726 0.039282 0.206437 -0.923947 0.322033 -0.040626 -0.327185 0.244992 0.912649 0.285742 0.000000 0.000000 0.000000 1.000000
-0.923175 -0.287392 -0.255252 0.039431 0.200285 -0.926446 0.318722 -0.039531 -0.328076 0.243113 0.912832 0.285772 0.000000 0.000000 0.000000 1.000000
-0.924169 -0.280994 -0.258755 0.039580 0.194127 -0.928895 0.315386 -0.038436 -0.328978 0.241238 0.913005 0.285801 0.000000 0.000000 0.000000 1.000000
-0.925117 -0.274577 -0.262233 0.039729 0.187964 -0.931295 0.312024 -0.037341 -0.329891 0.239368 0.913168 0.285831 0.000000 0.000000 0.000000 1.000000
-0.926019 -0.268139 -0.265687 0.039878 0.181795 -0.933646 0.308636 -0.036246 -0.330815 0.237502 0.913320 0.285860 0.000000 0.000000 0.000000 1.000000
-0.926876 -0.261682 -0.269117 0.040027 0.175622 -0.935946 0.305224 -0.035151 -0.331751 0.235642 0.913463 0.285890 0.000000 0.000000 0.000000 1.000000
-0.927686 -0.255207 -0.272522 0.040176 0.169444 -0.938197 0.301786 -0.034055 -0.332698 0.233786 0.913595 0.285919 0.000000 0.000000 0.000000 1.000000
-0.928450 -0.248713 -0.275903 0.040325 0.163262 -0.940398 0.298324 -0.032960 -0.333655 0.231935 0.913718 0.285949 0.000000 0.000000 0.000000 1.000000
-0.929168 -0.242200 -0.279258 0.040474 0.157076 -0.942549 0.294837 -0.031865 -0.334624 0.230089 0.913830 0.285978 0.000000 0.000000 0.000000 1.000000
-0.929841 -0.235670 -0.282588 0.040623 0.150887 -0.944649 0.291326 -0.030770 -0.335603 0.228248 0.913933 0.286008 0.000000 0.000000 0.000000 1.000000
-0.930467 -0.229122 -0.285893 0.040772 0.144694 -0.946700 0.287790 -0.029675 -0.336594 0.226412 0.914025 0.286037 0.000000 0.000000 0.000000 1.000000
-0.931047 -0.222558 -0.289172 0.040921 0.138499 -0.948700 0.284231 -0.028580 -0.337595 0.224582 0.914107 0.286067 0.000000 0.000000 0.000000 1.000000
-0.931580 -0.215976 -0.292425 0.041070 0.132301 -0.950649 0.280648 -0.027485 -0.338607 0.222758 0.914180 0.286096 0.000000 0.000000 0.000000 1.000000
-0.932068 -0.209378 -0.295653 0.041219 0.126101 -0.952548 0.277041 -0.026390 -0.339630 0.220939 0.914242 0.286126 0.000000 0.000000 0.000000 1.000000
-0.932509 -0.202765 -0.298854 0.041368 0.119900 -0.954395 0.273411 -0.025295 -0.340663 0.219125 0.914294 0.286155 0.000000 0.000000 0.000000 1.000000
-0.932904 -0.196135 -0.302029 0.041517 0.113697 -0.956192 0.269758 -0.024200 -0.341707 0.217318 0.914335 0.286185 0.000000 0.000000 0.000000 1.000000
-0.933252 -0.189491 -0.305178 0.041666 0.107493 -0.957938 0.266081 -0.023104 -0.342761 0.215516 0.914367 0.286215 0.000000 0.000000 0.000000 1.000000
-0.933555 -0.182831 -0.308300 0.041814 0.101289 -0.959633 0.262382 -0.022009 -0.343826 0.213721 0.914389 0.286244 0.000000 0.000000 0.000000 1.000000
-0.933810 -0.176157 -0.311395 0.041963 0.095084 -0.961277 0.258661 -0.020914 -0.344901 0.211931 0.914400 0.286274 0.000000 0.000000 0.000000 1.000000
-0.934020 -0.169470 -0.314463 0.042112 0.088880 -0.962870 0.254917 -0.019819 -0.345987 0.210148 0.914402 0.286303 0.000000 0.000000 0.000000 1.000000
-0.934183 -0.162768 -0.317503 0.042261 0.082675 -0.964411 0.251151 -0.018724 -0.347083 0.208371 0.914393 0.286333 0.000000 0.000000 0.000000 1.000000
-0.934300 -0.156053 -0.320517 0.042410 0.076472 -0.965900 0.247363 -0.017629 -0.348189 0.206601 0.914374 0.286362 0.000000 0.000000 0.000000 1.000000
-0.934370 -0.149325 -0.323503 0.042559 0.070269 -0.967339 0.243553 -0.016534 -0.349305 0.204837 0.914346 0.286392 0.000000 0.000000 0.000000 1.000000
-0.934394 -0.142585 -0.326461 0.042708 0.064069 -0.968725 0.239722 -0.015439 -0.350432 0.203079 0.914307 0.286421 0.000000 0.000000 0.000000 1.000000
-0.934372 -0.135832 -0.329391 0.042857 0.057869 -0.970060 0.235870 -0.014344 -0.351568 0.201329 0.914257 0.286451 0.000000 0.000000 0.000000 1.000000
-0.934303 -0.129068 -0.332293 0.043006 0.051673 -0.971343 0.231997 -0.013249 -0.352714 0.199585 0.914198 0.286480 0.000000 0.000000 0.000000 1.000000
-0.934188 -0.122292 -0.335167 0.043155 0.045478 -0.972574 0.228103 -0.012153 -0.353870 0.197848 0.914129 0.286510 0.000000 0.000000 0.000000 1.000000
-0.934027 -0.115505 -0.338013 0.043304 0.039287 -0.973754 0.224188 -0.011058 -0.355036 0.196118 0.914050 0.286539 0.000000 0.000000 0.000000 1.000000
-0.933819 -0.108707 -0.340830 0.043453 0.033098 -0.974881 0.220253 -0.009963 -0.356212 0.194395 0.913960 0.286569 0.000000 0.000000 0.000000 1.000000
-0.933564 -0.101900 -0.343619 0.043602 0.026914 -0.975956 0.216298 -0.008868 -0.357398 0.192680 0.913861 0.286598 0.000000 0.000000 0.000000 1.000000
-0.933264 -0.095082 -0.346378 0.043751 0.020733 -0.976980 0.212322 -0.007773 -0.358593 0.190971 0.913751 0.286628 0.000000 0.000000 0.000000 1.000000
-0.932917 -0.088255 -0.349109 0.043900 0.014557 -0.977951 0.208328 -0.006678 -0.359797 0.189271 0.913632 0.286657 0.000000 0.000000 0.000000 1.000000
-0.932524 -0.081419 -0.351810 0.044049 0.008385 -0.978870 0.204313 -0.005583 -0.361011 0.187577 0.913502 0.286687 0.000000 0.000000 0.000000 1.000000
-0.932084 -0.074574 -0.354482 0.044198 0.002218 -0.979736 0.200280 -0.004488 -0.362235 0.185891 0.913362 0.286716 0.000000 0.000000 0.000000 1.000000
-0.931598 -0.067721 -0.357125 0.044347 -0.003944 -0.980551 0.196227 -0.003393 -0.363468 0.184213 0.913212 0.286746 0.000000 0.000000 0.000000 1.000000
-0.931066 -0.060860 -0.359738 0.044496 -0.010099 -0.981312 0.192156 -0.002298 -0.364710 0.182543 0.913052 0.286775 0.000000 0.000000 0.000000 1.000000
-0.930488 -0.053991 -0.362321 0.044645 -0.016249 -0.982022 0.188066 -0.001202 -0.365962 0.180881 0.912882 0.286805 0.000000 0.000000 0.000000 1.000000
-0.929864 -0.047116 -0.364875 0.044794 -0.022393 -0.982679 0.183958 -0.000107 -0.367222 0.179226 0.912703 0.286834 0.000000 0.000000 0.000000 1.000000
-0.929193 -0.040233 -0.367398 0.044942 -0.028529 -0.983284 0.179832 0.000988 -0.368492 0.177580 0.912513 0.286864 0.000000 0.000000 0.000000 1.000000
-0.928477 -0.033344 -0.369891 0.045091 -0.034659 -0.983836 0.175687 0.002083 -0.369770 0.175942 0.912313 0.286893 0.000000 0.000000 0.000000 1.000000
-0.927714 -0.026449 -0.372354 0.045240 -0.040781 -0.984335 0.171526 0.003178 -0.371058 0.174312 0.912103 0.286923 0.000000 0.000000 0.000000 1.000000
-0.926905 -0.019549 -0.374786 0.045389 -0.046895 -0.984782 0.167347 0.004273 -0.372354 0.172690 0.911883 0.286952 0.000000 0.000000 0.000000 1.000000
-0.926051 -0.012644 -0.377188 0.045538 -0.053002 -0.985177 0.163150 0.005368 -0.373659 0.171077 0.911653 0.286982 0.000000 0.000000 0.000000 1.000000
-0.925150 -0.005733 -0.379559 0.045687 -0.059099 -0.985518 0.158937 0.006463 -0.374973 0.169472 0.911413 0.287011 0.000000 0.000000 0.000000 1.000000
-0.924203 0.001182 -0.381899 0.045836 -0.065188 -0.985807 0.154707 0.007558 -0.376296 0.167876 0.911164 0.287041 0.000000 0.000000 0.000000 1.000000
-0.923211 0.008100 -0.384207 0.045985 -0.071268 -0.986044 0.150461 0.008653 -0.377627 0.166289 0.910904 0.287070 0.000000 0.000000 0.000000 1.000000
-0.922173 0.015023 -0.386485 0.046134 -0.077339 -0.986228 0.146199 0.009749 -0.378966 0.164711 0.910634 0.287100 0.000000 0.000000 0.000000 1.000000
-0.921089 0.021948 -0.388732 0.046283 -0.083399 -0.986359 0.141920 0.010844 -0.380314 0.163141 0.910355 0.287129 0.000000 0.000000 0.000000 1.000000
-0.919960 0.028877 -0.390947 0.046432 -0.089449 -0.986437 0.137626 0.011939 -0.381670 0.161581 0.910066 0.287159 0.000000 0.000000 0.000000 1.000000
-0.918785 0.035808 -0.393130 0.046581 -0.095489 -0.986463 0.133317 0.013034 -0.383035 0.160029 0.909767 0.287188 0.000000 0.000000 0.000000 1.000000
-0.917565 0.042741 -0.395282 0.046730 -0.101518 -0.986436 0.128992 0.014129 -0.384407 0.158487 0.909457 0.287218 0.000000 0.000000 0.000000 1.000000
-0.916299 0.049675 -0.397402 0.046879 -0.107535 -0.986356 0.124652 0.015224 -0.385788 0.156954 0.909139 0.287247 0.000000 0.000000 0.000000 1.000000
-0.914988 0.056611 -0.399491 0.047028 -0.113541 -0.986223 0.120298 0.016319 -0.387177 0.155430 0.908810 0.287277 0.000000 0.000000 0.000000 1.000000
-0.913631 0.063547 -0.401547 0.047177 -0.119535 -0.986038 0.115929 0.017414 -0.388574 0.153916 0.908472 0.287306 0.000000 0.000000 0.000000 1.000000
-0.912229 0.070485 -0.403571 0.047326 -0.125517 -0.985801 0.111546 0.018509 -0.389978 0.152411 0.908123 0.287336 0.000000 0.000000 0.000000 1.000000
-0.910783 0.077422 -0.405563 0.047475 -0.131487 -0.985510 0.107149 0.019604 -0.391390 0.150916 0.907765 0.287365 0.000000 0.000000 0.000000 1.000000
-0.909291 0.084359 -0.407522 0.047624 -0.137443 -0.985167 0.102738 0.020699 -0.392810 0.149430 0.907398 0.287395 0.000000 0.000000 0.000000 1.000000
-0.907754 0.091295 -0.409449 0.047773 -0.143386 -0.984771 0.098314 0.021795 -0.394238 0.147954 0.907020 0.287424 0.000000 0.000000 0.000000 1.000000
-0.906172 0.098230 -0.411343 0.047921 -0.149315 -0.984323 0.093877 0.022890 -0.395673 0.146488 0.906633 0.287454 0.000000 0.000000 0.000000 1.000000
-0.904545 0.105163 -0.413205 0.048070 -0.155231 -0.983822 0.089426 0.023985 -0.397116 0.145032 0.906237 0.287483 0.000000 0.000000 0.000000 1.000000
-0.902874 0.112095 -0.415034 0.048219 -0.161132 -0.983269 0.084963 0.025080 -0.398566 0.143586 0.905830 0.287513 0.000000 0.000000 0.000000 1.000000
-0.901158 0.119024 -0.416830 0.048368 -0.167019 -0.982663 0.080488 0.026175 -0.400023 0.142150 0.905414 0.287542 0.000000 0.000000 0.000000 1.000000
-0.899398 0.125951 -0.418592 0.048517 -0.172890 -0.982005 0.076000 0.027270 -0.401487 0.140725 0.904989 0.287572 0.000000 0.000000 0.000000 1.000000
-0.897593 0.132875 -0.420322 0.048666 -0.178747 -0.981294 0.071500 0.028365 -0.402959 0.139309 0.904553 0.287601 0.000000 0.000000 0.000000 1.000000
-0.895744 0.139795 -0.422019 0.048815 -0.184588 -0.980530 0.066989 0.029460 -0.404438 0.137904 0.904109 0.287631 0.000000 0.000000 0.000000 1.000000
-0.893851 0.146711 -0.423682 0.048964 -0.190413 -0.979715 0.062466 0.030555 -0.405923 0.136509 0.903655 0.287660 0.000000 0.000000 0.000000 1.000000
-0.891914 0.153623 -0.425312 0.049113 -0.196221 -0.978847 0.057932 0.031650 -0.407416 0.135125 0.903191 0.287690 0.000000 0.000000 0.000000 1.000000
-0.889932 0.160530 -0.426908 0.049262 -0.202013 -0.977927 0.053387 0.032746 -0.408915 0.133752 0.902718 0.287720 0.000000 0.000000 0.000000 1.000000
-0.887907 0.167432 -0.428471 0.049411 -0.207788 -0.976954 0.048831 0.033841 -0.410421 0.132389 0.902235 0.287749 0.000000 0.000000 0.000000 1.000000
-0.885838 0.174329 -0.430000 0.049560 -0.213546 -0.975930 0.044265 0.034936 -0.411933 0.131036 0.901743 0.287779 0.000000 0.000000 0.000000 1.000000
-0.883725 0.181220 -0.431496 0.049709 -0.219286 -0.974853 0.039689 0.036031 -0.413452 0.129695 0.901242 0.287808 0.000000 0.000000 0.000000 1.000000
-0.881569 0.188105 -0.432957 0.049858 -0.225008 -0.973724 0.035103 0.037126 -0.414978 0.128364 0.900731 0.287838 0.000000 0.000000 0.000000 1.000000
-0.879370 0.194983 -0.434385 0.050007 -0.230712 -0.972544 0.030507 0.038221 -0.416510 0.127045 0.900211 0.287867 0.000000 0.000000 0.000000 1.000000
-0.877127 0.201854 -0.435778 0.050156 -0.236398 -0.971311 0.025902 0.039316 -0.418048 0.125736 0.899681 0.287897 0.000000 0.000000 0.000000 1.000000
-0.874841 0.208718 -0.437138 0.050305 -0.242064 -0.970027 0.021288 0.040411 -0.419592 0.124439 0.899143 0.287926 0.000000 0.000000 0.000000 1.000000
-0.872512 0.215574 -0.438463 0.050454 -0.247712 -0.968690 0.016665 0.041506 -0.421143 0.123153 0.898595 0.287956 0.000000 0.000000 0.000000 1.000000
-0.870141 0.222422 -0.439754 0.050603 -0.253339 -0.967303 0.012033 0.042601 -0.422699 0.121878 0.898037 0.287985 0.000000 0.000000 0.000000 1.000000
-0.867726 0.229261 -0.441011 0.050752 -0.258947 -0.965863 0.007393 0.043697 -0.424261 0.120614 0.897471 0.288015 0.000000 0.000000 0.000000 1.000000
-0.865269 0.236092 -0.442234 0.050900 -0.264535 -0.964372 0.002745 0.044792 -0.425830 0.119362 0.896896 0.288044 0.000000 0.000000 0.000000 1.000000
-0.862769 0.242913 -0.443422 0.051049 -0.270103 -0.962830 -0.001911 0.045887 -0.427404 0.118121 0.896311 0.288074 0.000000 0.000000 0.000000 1.000000
-0.860227 0.249724 -0.444575 0.051198 -0.275649 -0.961236 -0.006574 0.046982 -0.428983 0.116892 0.895717 0.288103 0.000000 0.000000 0.000000 1.000000
-0.857643 0.256525 -0.445694 0.051347 -0.281174 -0.959591 -0.011244 0.048077 -0.430568 0.115674 0.895115 0.288133 0.000000 0.000000 0.000000 1.000000
-0.855017 0.263316 -0.446778 0.051496 -0.286678 -0.957895 -0.015922 0.049172 -0.432159 0.114468 0.894503 0.288162 0.000000 0.000000 0.000000 1.000000
-0.852349 0.270095 -0.447828 0.051645 -0.292161 -0.956147 -0.020606 0.050267 -0.433755 0.113274 0.893882 0.288192 0.000000 0.000000 0.000000 1.000000
-0.849639 0.276864 -0.448842 0.051794 -0.297621 -0.954349 -0.025297 0.051362 -0.435356 0.112092 0.893253 0.288221 0.000000 0.000000 0.000000 1.000000
-0.846888 0.283621 -0.449822 0.051943 -0.303059 -0.952500 -0.029994 0.052457 -0.436962 0.110921 0.892614 0.288251 0.000000 0.000000 0.000000 1.000000
-0.844095 0.290366 -0.450767 0.052092 -0.308474 -0.950600 -0.034697 0.053552 -0.438574 0.109762 0.891967 0.288280 0.000000 0.000000 0.000000 1.000000
-0.841261 0.297098 -0.451677 0.052241 -0.313866 -0.948649 -0.039405 0.054648 -0.440191 0.108616 0.891311 0.288310 0.000000 0.000000 0.000000 1.000000
-0.838386 0.303818 -0.452552 0.052390 -0.319235 -0.946648 -0.044119 0.055743 -0.441812 0.107481 0.890646 0.288339 0.000000 0.000000 0.000000 1.000000
-0.835470 0.310524 -0.453392 0.052539 -0.324580 -0.944597 -0.048838 0.056838 -0.443438 0.106359 0.889972 0.288369 0.000000 0.000000 0.000000 1.000000
-0.832513 0.317217 -0.454197 0.052688 -0.329901 -0.942495 -0.053562 0.057933 -0.445069 0.105249 0.889290 0.288398 0.000000 0.000000 0.000000 1.000000
-0.829516 0.323896 -0.454967 0.052837 -0.335199 -0.940343 -0.058291 0.059028 -0.446705 0.104151 0.888598 0.288428 0.000000 0.000000 0.000000 1.000000
-0.826478 0.330560 -0.455702 0.052986 -0.340471 -0.938140 -0.063024 0.060123 -0.448345 0.103066 0.887899 0.288457 0.000000 0.000000 0.000000 1.000000
-0.826478 0.330560 -0.455702 0.039315 -0.340471 -0.938140 -0.063024 0.058232 -0.448345 0.103066 0.887899 0.315094 0.000000 0.000000 0.000000 1.000000
