-0.937449 0.000770 -0.348123 0.009352 0.070998 -0.978557 -0.193354 0.042408 -0.340807 -0.205976 0.917292 0.232094 0 0 0 1
-0.937449 0.000770 -0.348123 0.012833 0.070998 -0.978557 -0.193354 0.044342 -0.340807 -0.205976 0.917292 0.222922 0 0 0 1
-0.937449 0.000553 -0.348123 0.012661 0.071225 -0.978540 -0.193354 0.044328 -0.340759 -0.206055 0.917292 0.222901 0 0 0 1
-0.937449 0.000316 -0.348123 0.012490 0.071473 -0.978522 -0.193354 0.044312 -0.340707 -0.206141 0.917292 0.222879 0 0 0 1
-0.937449 0.000060 -0.348123 0.012319 0.071740 -0.978503 -0.193354 0.044296 -0.340651 -0.206234 0.917292 0.222854 0 0 0 1
-0.939493 0.000604 -0.342568 0.012094 0.067572 -0.980025 -0.187042 0.044215 -0.335838 -0.198873 0.920686 0.222794 0 0 0 1
-0.942491 0.001035 -0.334229 0.011841 0.063360 -0.981309 -0.181708 0.044143 -0.328170 -0.192435 0.924810 0.222725 0 0 0 1
-0.942492 0.000732 -0.334229 0.011672 0.063676 -0.981289 -0.181708 0.044123 -0.328108 -0.192540 0.924810 0.222695 0 0 0 1
-0.945292 0.000936 -0.326224 0.011424 0.060436 -0.982183 -0.177942 0.044065 -0.320578 -0.187923 0.928394 0.222627 0 0 0 1
-0.947037 0.000971 -0.321124 0.011206 0.058418 -0.982789 -0.175254 0.044016 -0.315767 -0.184731 0.930680 0.222571 0 0 0 1
-0.947037 0.000623 -0.321124 0.011039 0.058779 -0.982767 -0.175254 0.043993 -0.315699 -0.184847 0.930680 0.222536 0 0 0 1
-0.950710 0.001246 -0.310079 0.010762 0.053470 -0.984354 -0.167895 0.043896 -0.305437 -0.176200 0.935768 0.222448 0 0 0 1
-0.950710 0.000873 -0.310079 0.010596 0.053856 -0.984333 -0.167895 0.043872 -0.305368 -0.176320 0.935768 0.222410 0 0 0 1
-0.950711 0.000485 -0.310079 0.010430 0.054258 -0.984311 -0.167895 0.043847 -0.305296 -0.176444 0.935768 0.222370 0 0 0 1
-0.953117 0.000855 -0.302600 0.010191 0.050584 -0.985475 -0.162110 0.043763 -0.298344 -0.169817 0.939230 0.222294 0 0 0 1
-0.953117 0.000444 -0.302600 0.010026 0.051009 -0.985453 -0.162110 0.043736 -0.298271 -0.169945 0.939230 0.222251 0 0 0 1
-0.955227 0.000307 -0.295874 0.009795 0.049297 -0.985857 -0.160176 0.043689 -0.291739 -0.167590 0.941702 0.222183 0 0 0 1
-0.955227 -0.000128 -0.295874 0.009631 0.049746 -0.985834 -0.160176 0.043661 -0.291663 -0.167723 0.941702 0.222137 0 0 0 1
-0.957795 0.000631 -0.287450 0.009384 0.044687 -0.987513 -0.151066 0.043541 -0.283956 -0.157536 0.945807 0.222049 0 0 0 1
-0.957795 0.000180 -0.287450 0.009221 0.045152 -0.987492 -0.151066 0.043512 -0.283882 -0.157669 0.945807 0.222002 0 0 0 1
-0.957795 -0.000283 -0.287450 0.009059 0.045629 -0.987470 -0.151066 0.043482 -0.283806 -0.157807 0.945807 0.221952 0 0 0 1
-0.958854 -0.000526 -0.283898 0.008861 0.044790 -0.987755 -0.149446 0.043435 -0.280343 -0.156013 0.947137 0.221889 0 0 0 1
-0.958854 -0.001009 -0.283898 0.008700 0.045287 -0.987732 -0.149446 0.043404 -0.280264 -0.156154 0.947137 0.221838 0 0 0 1
-0.960530 -0.001234 -0.278175 0.008481 0.044034 -0.988057 -0.147664 0.043355 -0.274670 -0.154085 0.949112 0.221765 0 0 0 1
-0.960529 -0.001734 -0.278175 0.008320 0.044548 -0.988034 -0.147664 0.043323 -0.274590 -0.154228 0.949112 0.221712 0 0 0 1
-0.960528 -0.002243 -0.278175 0.008160 0.045071 -0.988010 -0.147664 0.043291 -0.274509 -0.154373 0.949112 0.221658 0 0 0 1
-0.960526 -0.002760 -0.278175 0.007999 0.045603 -0.987986 -0.147664 0.043258 -0.274425 -0.154521 0.949112 0.221602 0 0 0 1
-0.961921 -0.003472 -0.273306 0.007790 0.045981 -0.987724 -0.149287 0.043241 -0.269432 -0.156169 0.950272 0.221535 0 0 0 1
-0.961919 -0.004006 -0.273306 0.007631 0.046530 -0.987699 -0.149287 0.043207 -0.269346 -0.156319 0.950272 0.221478 0 0 0 1
-0.961916 -0.004547 -0.273306 0.007471 0.047086 -0.987672 -0.149287 0.043174 -0.269258 -0.156471 0.950272 0.221420 0 0 0 1
-0.961914 -0.005096 -0.273306 0.007312 0.047649 -0.987645 -0.149287 0.043140 -0.269168 -0.156624 0.950272 0.221362 0 0 0 1
-0.961366 -0.004752 -0.275232 0.007172 0.045729 -0.988715 -0.142657 0.043039 -0.271448 -0.149732 0.950735 0.221298 0 0 0 1
-0.961363 -0.005306 -0.275232 0.007013 0.046299 -0.988689 -0.142657 0.043005 -0.271362 -0.149888 0.950735 0.221239 0 0 0 1
-0.961288 -0.006607 -0.275465 0.006856 0.049188 -0.987770 -0.147959 0.043024 -0.271118 -0.155781 0.949856 0.221187 0 0 0 1
-0.961950 -0.007931 -0.273109 0.006674 0.051701 -0.986804 -0.153445 0.043044 -0.268288 -0.161727 0.949666 0.221129 0 0 0 1
-0.961945 -0.008511 -0.273109 0.006516 0.052295 -0.986772 -0.153445 0.043009 -0.268191 -0.161888 0.949666 0.221067 0 0 0 1
-0.961940 -0.009094 -0.273109 0.006357 0.052894 -0.986740 -0.153445 0.042975 -0.268093 -0.162051 0.949666 0.221006 0 0 0 1
-0.961934 -0.009681 -0.273109 0.006199 0.053496 -0.986708 -0.153445 0.042940 -0.267994 -0.162215 0.949666 0.220944 0 0 0 1
-0.961928 -0.010271 -0.273109 0.006041 0.054101 -0.986675 -0.153445 0.042905 -0.267894 -0.162379 0.949666 0.220882 0 0 0 1
-0.961834 -0.010684 -0.273424 0.005886 0.054229 -0.986861 -0.152201 0.042858 -0.268206 -0.161219 0.949776 0.220818 0 0 0 1
-0.961605 -0.010757 -0.274226 0.005736 0.053430 -0.987449 -0.148623 0.042788 -0.269185 -0.157568 0.950111 0.220752 0 0 0 1
-0.961744 -0.011213 -0.273722 0.005573 0.053563 -0.987574 -0.147743 0.042745 -0.268664 -0.156752 0.950394 0.220686 0 0 0 1
-0.961736 -0.011803 -0.273722 0.005415 0.054169 -0.987541 -0.147743 0.042711 -0.268568 -0.156917 0.950394 0.220623 0 0 0 1
-0.961729 -0.012393 -0.273722 0.005258 0.054775 -0.987508 -0.147743 0.042677 -0.268471 -0.157082 0.950394 0.220560 0 0 0 1
-0.961684 -0.013229 -0.273841 0.005101 0.056110 -0.987190 -0.149359 0.042659 -0.268357 -0.159001 0.950107 0.220500 0 0 0 1
-0.961382 -0.014223 -0.274850 0.004953 0.058035 -0.986685 -0.151938 0.042651 -0.269029 -0.162022 0.949406 0.220443 0 0 0 1
-0.961705 -0.014652 -0.273696 0.004784 0.057993 -0.986840 -0.150944 0.042608 -0.267883 -0.161036 0.949898 0.220375 0 0 0 1
-0.961695 -0.015242 -0.273696 0.004626 0.058598 -0.986804 -0.150944 0.042575 -0.267784 -0.161200 0.949898 0.220312 0 0 0 1
-0.962660 -0.015580 -0.270263 0.004434 0.057960 -0.987054 -0.149550 0.042529 -0.264435 -0.159631 0.951101 0.220238 0 0 0 1
-0.962651 -0.016162 -0.270263 0.004275 0.058557 -0.987019 -0.149550 0.042497 -0.264338 -0.159791 0.951101 0.220175 0 0 0 1
-0.962972 -0.016868 -0.269073 0.004105 0.059320 -0.986839 -0.150432 0.042474 -0.262994 -0.160823 0.951299 0.220111 0 0 0 1
-0.962962 -0.017444 -0.269073 0.003947 0.059909 -0.986803 -0.150432 0.042443 -0.262898 -0.160980 0.951299 0.220049 0 0 0 1
-0.964184 -0.017813 -0.264636 0.003744 0.059254 -0.986992 -0.149453 0.042402 -0.258531 -0.159781 0.952697 0.219973 0 0 0 1
-0.964173 -0.018377 -0.264636 0.003586 0.059831 -0.986957 -0.149453 0.042372 -0.258438 -0.159932 0.952697 0.219911 0 0 0 1
-0.965381 -0.018931 -0.260155 0.003382 0.059697 -0.986927 -0.149707 0.042345 -0.253919 -0.160055 0.953891 0.219839 0 0 0 1
-0.966413 -0.019493 -0.256253 0.003184 0.059684 -0.986880 -0.150017 0.042319 -0.249966 -0.160273 0.954898 0.219768 0 0 0 1
-0.967554 -0.018861 -0.251958 0.002982 0.056525 -0.988093 -0.143097 0.042222 -0.246259 -0.152697 0.957100 0.219686 0 0 0 1
-0.967544 -0.019389 -0.251958 0.002823 0.057064 -0.988062 -0.143097 0.042194 -0.246176 -0.152831 0.957100 0.219627 0 0 0 1
-0.967705 -0.020405 -0.251256 0.002657 0.058767 -0.987517 -0.146141 0.042198 -0.245138 -0.156188 0.956824 0.219571 0 0 0 1
-0.969422 -0.020107 -0.244574 0.002430 0.056239 -0.988316 -0.141665 0.042127 -0.238868 -0.151087 0.959226 0.219489 0 0 0 1
-0.969412 -0.020605 -0.244574 0.002270 0.056747 -0.988287 -0.141665 0.042101 -0.238790 -0.151210 0.959226 0.219432 0 0 0 1
-0.969601 -0.021325 -0.243759 0.002102 0.057702 -0.988027 -0.143086 0.042091 -0.237789 -0.152802 0.959223 0.219376 0 0 0 1
-0.969591 -0.021804 -0.243759 0.001941 0.058191 -0.987998 -0.143086 0.042067 -0.237713 -0.152920 0.959223 0.219320 0 0 0 1
-0.969580 -0.022272 -0.243759 0.001780 0.058667 -0.987970 -0.143086 0.042044 -0.237640 -0.153035 0.959223 0.219265 0 0 0 1
-0.969570 -0.022728 -0.243759 0.001619 0.059132 -0.987942 -0.143086 0.042022 -0.237568 -0.153146 0.959223 0.219211 0 0 0 1
-0.971380 -0.022373 -0.236477 0.001385 0.056586 -0.988689 -0.138898 0.041959 -0.230694 -0.148304 0.961658 0.219134 0 0 0 1
-0.971370 -0.022798 -0.236477 0.001223 0.057018 -0.988664 -0.138898 0.041939 -0.230629 -0.148405 0.961658 0.219082 0 0 0 1
-0.971360 -0.023209 -0.236477 0.001061 0.057437 -0.988640 -0.138898 0.041920 -0.230566 -0.148502 0.961658 0.219032 0 0 0 1
-0.971350 -0.023606 -0.236477 0.000898 0.057840 -0.988616 -0.138898 0.041902 -0.230506 -0.148597 0.961658 0.218982 0 0 0 1
-0.973456 -0.023865 -0.227627 0.000646 0.056677 -0.988708 -0.138723 0.041883 -0.221746 -0.147942 0.963816 0.218912 0 0 0 1
-0.975383 -0.022781 -0.219339 0.000400 0.052581 -0.989987 -0.131001 0.041790 -0.214159 -0.139309 0.966814 0.218835 0 0 0 1
-0.975907 -0.022453 -0.217028 0.000213 0.051114 -0.990538 -0.127363 0.041739 -0.212115 -0.135387 0.967821 0.218779 0 0 0 1
-0.975900 -0.022772 -0.217028 0.000049 0.051437 -0.990522 -0.127363 0.041726 -0.212071 -0.135456 0.967821 0.218734 0 0 0 1
-0.975893 -0.023073 -0.217028 -0.000116 0.051742 -0.990506 -0.127363 0.041714 -0.212029 -0.135522 0.967821 0.218691 0 0 0 1
-0.975886 -0.023355 -0.217028 -0.000281 0.052029 -0.990491 -0.127363 0.041703 -0.211990 -0.135583 0.967821 0.218649 0 0 0 1
-0.975880 -0.023619 -0.217028 -0.000447 0.052297 -0.990477 -0.127363 0.041693 -0.211953 -0.135641 0.967821 0.218608 0 0 0 1
-0.978035 -0.022910 -0.207177 -0.000712 0.049197 -0.991231 -0.122637 0.041637 -0.202551 -0.130136 0.970586 0.218541 0 0 0 1
-0.978030 -0.023131 -0.207177 -0.000878 0.049421 -0.991220 -0.122637 0.041630 -0.202521 -0.130181 0.970586 0.218504 0 0 0 1
-0.978025 -0.023334 -0.207177 -0.001046 0.049627 -0.991210 -0.122637 0.041624 -0.202494 -0.130223 0.970586 0.218468 0 0 0 1
-0.978021 -0.023520 -0.207177 -0.001213 0.049815 -0.991201 -0.122637 0.041619 -0.202470 -0.130262 0.970586 0.218433 0 0 0 1
-0.978017 -0.023690 -0.207177 -0.001381 0.049988 -0.991192 -0.122637 0.041615 -0.202447 -0.130297 0.970586 0.218399 0 0 0 1
-0.980975 -0.022144 -0.192865 -0.001693 0.044852 -0.992447 -0.114182 0.041528 -0.188880 -0.120660 0.974559 0.218327 0 0 0 1
-0.980972 -0.022276 -0.192865 -0.001862 0.044985 -0.992441 -0.114182 0.041526 -0.188864 -0.120685 0.974559 0.218295 0 0 0 1
-0.980970 -0.022394 -0.192865 -0.002031 0.045105 -0.992435 -0.114182 0.041525 -0.188849 -0.120708 0.974559 0.218265 0 0 0 1
-0.980967 -0.022500 -0.192865 -0.002200 0.045212 -0.992431 -0.114182 0.041525 -0.188836 -0.120728 0.974559 0.218235 0 0 0 1
-0.983119 -0.022347 -0.181600 -0.002483 0.043507 -0.992598 -0.113383 0.041518 -0.177722 -0.119370 0.976814 0.218184 0 0 0 1
-0.983117 -0.022428 -0.181600 -0.002653 0.043589 -0.992595 -0.113383 0.041519 -0.177712 -0.119385 0.976814 0.218157 0 0 0 1
-0.983513 -0.021546 -0.179550 -0.002843 0.041556 -0.993233 -0.108445 0.041472 -0.175999 -0.114119 0.977753 0.218120 0 0 0 1
-0.983512 -0.021603 -0.179550 -0.003014 0.041615 -0.993231 -0.108445 0.041474 -0.175992 -0.114129 0.977753 0.218094 0 0 0 1
-0.983510 -0.021652 -0.179550 -0.003184 0.041664 -0.993229 -0.108445 0.041477 -0.175986 -0.114138 0.977753 0.218069 0 0 0 1
-0.984542 -0.020192 -0.173979 -0.003411 0.038211 -0.994168 -0.100851 0.041405 -0.170928 -0.105940 0.979572 0.218026 0 0 0 1
-0.984542 -0.020220 -0.173979 -0.003582 0.038239 -0.994166 -0.100851 0.041409 -0.170924 -0.105945 0.979572 0.218001 0 0 0 1
-0.985733 -0.019925 -0.167134 -0.003821 0.036963 -0.994354 -0.099465 0.041400 -0.164208 -0.104224 0.980904 0.217964 0 0 0 1
-0.985733 -0.019941 -0.167134 -0.003993 0.036980 -0.994354 -0.099465 0.041404 -0.164207 -0.104227 0.980904 0.217941 0 0 0 1
-0.985732 -0.019953 -0.167134 -0.004164 0.036993 -0.994353 -0.099465 0.041409 -0.164205 -0.104229 0.980904 0.217917 0 0 0 1
-0.985409 -0.020054 -0.169017 -0.004316 0.037363 -0.994300 -0.099860 0.041419 -0.166051 -0.104718 0.980541 0.217898 0 0 0 1
-0.985409 -0.020062 -0.169017 -0.004488 0.037371 -0.994299 -0.099860 0.041424 -0.166051 -0.104720 0.980541 0.217876 0 0 0 1
-0.985714 -0.019208 -0.167326 -0.004676 0.035606 -0.994786 -0.095563 0.041386 -0.164618 -0.100156 0.981259 0.217846 0 0 0 1
-0.985949 -0.019052 -0.165955 -0.004861 0.035183 -0.994873 -0.094812 0.041384 -0.163297 -0.099319 0.981565 0.217820 0 0 0 1
-0.985754 -0.019738 -0.167029 -0.005021 0.036554 -0.994494 -0.098209 0.041424 -0.164170 -0.102916 0.981049 0.217803 0 0 0 1
-0.986137 -0.018702 -0.164874 -0.005214 0.034431 -0.995064 -0.093067 0.041377 -0.162320 -0.097454 0.981914 0.217772 0 0 0 1
-0.986481 -0.018707 -0.162802 -0.005406 0.034241 -0.995064 -0.093139 0.041383 -0.160256 -0.097454 0.982253 0.217746 0 0 0 1
-0.986481 -0.018715 -0.162802 -0.005577 0.034249 -0.995064 -0.093139 0.041388 -0.160256 -0.097456 0.982253 0.217723 0 0 0 1
-0.986821 -0.017794 -0.160833 -0.005767 0.032389 -0.995542 -0.088583 0.041347 -0.158539 -0.092624 0.982998 0.217693 0 0 0 1
-0.986691 -0.018015 -0.161606 -0.005930 0.032846 -0.995438 -0.089576 0.041361 -0.159255 -0.093692 0.982782 0.217672 0 0 0 1
-0.986715 -0.017939 -0.161465 -0.006102 0.032679 -0.995486 -0.089101 0.041360 -0.159138 -0.093193 0.982848 0.217648 0 0 0 1
-0.986715 -0.017968 -0.161465 -0.006272 0.032708 -0.995485 -0.089101 0.041364 -0.159135 -0.093198 0.982848 0.217624 0 0 0 1
-0.986714 -0.018005 -0.161465 -0.006442 0.032745 -0.995484 -0.089101 0.041366 -0.159132 -0.093204 0.982848 0.217599 0 0 0 1
-0.986677 -0.017941 -0.161701 -0.006609 0.032615 -0.995537 -0.088559 0.041363 -0.159390 -0.092653 0.982858 0.217574 0 0 0 1
-0.987154 -0.017358 -0.158825 -0.006808 0.031278 -0.995841 -0.085568 0.041335 -0.156680 -0.089437 0.983592 0.217541 0 0 0 1
-0.987153 -0.017423 -0.158825 -0.006977 0.031343 -0.995839 -0.085568 0.041336 -0.156674 -0.089447 0.983592 0.217515 0 0 0 1
-0.987152 -0.017500 -0.158825 -0.007145 0.031421 -0.995837 -0.085568 0.041336 -0.156667 -0.089459 0.983592 0.217488 0 0 0 1
-0.987603 -0.017719 -0.155968 -0.007342 0.031489 -0.995774 -0.086268 0.041343 -0.153780 -0.090110 0.983988 0.217456 0 0 0 1
-0.987601 -0.017823 -0.155968 -0.007511 0.031594 -0.995771 -0.086268 0.041341 -0.153771 -0.090126 0.983988 0.217428 0 0 0 1
-0.987860 -0.017698 -0.154334 -0.007695 0.031149 -0.995879 -0.085180 0.041328 -0.152190 -0.088954 0.984340 0.217395 0 0 0 1
-0.988407 -0.016640 -0.150911 -0.007896 0.028945 -0.996398 -0.079713 0.041271 -0.149041 -0.083157 0.985328 0.217356 0 0 0 1
-0.988405 -0.016771 -0.150911 -0.008064 0.029078 -0.996394 -0.079713 0.041268 -0.149030 -0.083177 0.985328 0.217326 0 0 0 1
-0.988403 -0.016913 -0.150911 -0.008231 0.029221 -0.996389 -0.079713 0.041264 -0.149018 -0.083199 0.985328 0.217295 0 0 0 1
-0.989059 -0.016910 -0.146551 -0.008442 0.028760 -0.996450 -0.079122 0.041253 -0.144693 -0.082471 0.986034 0.217258 0 0 0 1
-0.989056 -0.017069 -0.146551 -0.008609 0.028920 -0.996445 -0.079122 0.041248 -0.144680 -0.082494 0.986034 0.217227 0 0 0 1
-0.989211 -0.016838 -0.145529 -0.008786 0.028338 -0.996604 -0.077317 0.041224 -0.143733 -0.080607 0.986328 0.217194 0 0 0 1
-0.989208 -0.017010 -0.145529 -0.008953 0.028512 -0.996599 -0.077317 0.041218 -0.143719 -0.080632 0.986328 0.217163 0 0 0 1
-0.989205 -0.017190 -0.145529 -0.009120 0.028693 -0.996594 -0.077317 0.041212 -0.143704 -0.080658 0.986328 0.217133 0 0 0 1
-0.990054 -0.017253 -0.139625 -0.009346 0.028218 -0.996637 -0.076934 0.041202 -0.137828 -0.080109 0.987211 0.217094 0 0 0 1
-0.990051 -0.017443 -0.139625 -0.009514 0.028409 -0.996631 -0.076934 0.041195 -0.137813 -0.080135 0.987211 0.217064 0 0 0 1
-0.990824 -0.018668 -0.133866 -0.009739 0.029815 -0.996206 -0.081755 0.041236 -0.131832 -0.084996 0.987621 0.217031 0 0 0 1
-0.990820 -0.018871 -0.133866 -0.009906 0.030019 -0.996200 -0.081755 0.041228 -0.131814 -0.085023 0.987621 0.217003 0 0 0 1
-0.990816 -0.019076 -0.133866 -0.010074 0.030225 -0.996194 -0.081755 0.041220 -0.131797 -0.085051 0.987621 0.216975 0 0 0 1
-0.991219 -0.018261 -0.130961 -0.010272 0.028571 -0.996600 -0.077283 0.041168 -0.129104 -0.080346 0.988371 0.216940 0 0 0 1
-0.992533 -0.019194 -0.120456 -0.010545 0.029076 -0.996304 -0.080829 0.041195 -0.118459 -0.083728 0.989423 0.216904 0 0 0 1
-0.992903 -0.020088 -0.117221 -0.010747 0.030065 -0.996014 -0.083973 0.041219 -0.115067 -0.086902 0.989549 0.216877 0 0 0 1
-0.992898 -0.020299 -0.117221 -0.010916 0.030276 -0.996008 -0.083973 0.041211 -0.115049 -0.086926 0.989549 0.216853 0 0 0 1
-0.993995 -0.021218 -0.107347 -0.011185 0.030694 -0.995700 -0.087408 0.041237 -0.105031 -0.090178 0.990372 0.216822 0 0 0 1
-0.993991 -0.021429 -0.107347 -0.011355 0.030905 -0.995693 -0.087408 0.041230 -0.105012 -0.090200 0.990372 0.216801 0 0 0 1
-0.993986 -0.021637 -0.107347 -0.011527 0.031113 -0.995687 -0.087408 0.041222 -0.104993 -0.090222 0.990372 0.216781 0 0 0 1
-0.993982 -0.021841 -0.107347 -0.011698 0.031318 -0.995680 -0.087408 0.041214 -0.104974 -0.090244 0.990372 0.216762 0 0 0 1
-0.993977 -0.022042 -0.107347 -0.011870 0.031519 -0.995674 -0.087408 0.041207 -0.104956 -0.090265 0.990372 0.216745 0 0 0 1
-0.994917 -0.022079 -0.098251 -0.012134 0.030689 -0.995735 -0.087007 0.041196 -0.095911 -0.089580 0.991351 0.216720 0 0 0 1
-0.994912 -0.022268 -0.098251 -0.012308 0.030878 -0.995729 -0.087007 0.041189 -0.095894 -0.089598 0.991351 0.216706 0 0 0 1
-0.995765 -0.023490 -0.088881 -0.012576 0.031672 -0.995274 -0.091797 0.041230 -0.086305 -0.094223 0.991803 0.216690 0 0 0 1
-0.995761 -0.023668 -0.088881 -0.012751 0.031850 -0.995268 -0.091797 0.041224 -0.086288 -0.094239 0.991803 0.216680 0 0 0 1
-0.995757 -0.023837 -0.088881 -0.012928 0.032019 -0.995263 -0.091797 0.041219 -0.086272 -0.094254 0.991803 0.216673 0 0 0 1
-0.996243 -0.025068 -0.082897 -0.013164 0.033068 -0.994775 -0.096583 0.041261 -0.080043 -0.098962 0.991867 0.216667 0 0 0 1
-0.996239 -0.025221 -0.082897 -0.013342 0.033220 -0.994770 -0.096583 0.041257 -0.080028 -0.098974 0.991867 0.216663 0 0 0 1
-0.996845 -0.025623 -0.075126 -0.013599 0.032948 -0.994645 -0.097954 0.041266 -0.072214 -0.100121 0.992351 0.216658 0 0 0 1
-0.997532 -0.026241 -0.065125 -0.013879 0.032712 -0.994412 -0.100374 0.041287 -0.062127 -0.102256 0.992816 0.216655 0 0 0 1
-0.997529 -0.026359 -0.065125 -0.014060 0.032830 -0.994408 -0.100374 0.041284 -0.062115 -0.102264 0.992816 0.216659 0 0 0 1
-0.997940 -0.027587 -0.057918 -0.014314 0.033592 -0.993862 -0.105401 0.041331 -0.054655 -0.107129 0.992742 0.216667 0 0 0 1
-0.997937 -0.027683 -0.057918 -0.014497 0.033687 -0.993859 -0.105401 0.041330 -0.054645 -0.107135 0.992742 0.216676 0 0 0 1
-0.997887 -0.029372 -0.057949 -0.014680 0.035747 -0.993040 -0.112222 0.041397 -0.054249 -0.114056 0.991992 0.216694 0 0 0 1
-0.997885 -0.029449 -0.057949 -0.014864 0.035823 -0.993037 -0.112222 0.041396 -0.054240 -0.114060 0.991992 0.216706 0 0 0 1
-0.997883 -0.029515 -0.057949 -0.015048 0.035888 -0.993035 -0.112222 0.041396 -0.054233 -0.114064 0.991992 0.216720 0 0 0 1
-0.997862 -0.030650 -0.057729 -0.015235 0.037241 -0.992458 -0.116788 0.041442 -0.053714 -0.118688 0.991478 0.216740 0 0 0 1
-0.997860 -0.030699 -0.057729 -0.015420 0.037290 -0.992457 -0.116788 0.041443 -0.053708 -0.118691 0.991478 0.216755 0 0 0 1
-0.997500 -0.033891 -0.062013 -0.015562 0.041732 -0.990652 -0.129872 0.041575 -0.057032 -0.132135 0.989590 0.216790 0 0 0 1
-0.997498 -0.033930 -0.062013 -0.015747 0.041771 -0.990651 -0.129872 0.041577 -0.057027 -0.132137 0.989590 0.216807 0 0 0 1
-0.997497 -0.033962 -0.062013 -0.015932 0.041803 -0.990649 -0.129872 0.041579 -0.057023 -0.132139 0.989590 0.216823 0 0 0 1
-0.997496 -0.033988 -0.062013 -0.016116 0.041829 -0.990648 -0.129872 0.041581 -0.057019 -0.132141 0.989590 0.216840 0 0 0 1
-0.997496 -0.034009 -0.062013 -0.016300 0.041850 -0.990647 -0.129872 0.041584 -0.057016 -0.132142 0.989590 0.216856 0 0 0 1
-0.997495 -0.034025 -0.062013 -0.016483 0.041866 -0.990647 -0.129872 0.041587 -0.057014 -0.132143 0.989590 0.216871 0 0 0 1
-0.996284 -0.034722 -0.078826 -0.016498 0.044953 -0.990233 -0.131975 0.041612 -0.073474 -0.135028 0.988114 0.216900 0 0 0 1
-0.994856 -0.036098 -0.094653 -0.016521 0.048919 -0.989384 -0.136847 0.041665 -0.088708 -0.140774 0.986060 0.216934 0 0 0 1
-0.995173 -0.036730 -0.091002 -0.016738 0.049265 -0.988986 -0.139572 0.041696 -0.084873 -0.143382 0.986021 0.216946 0 0 0 1
-0.993088 -0.037680 -0.111162 -0.016716 0.053435 -0.988373 -0.142353 0.041728 -0.104506 -0.147309 0.983554 0.216981 0 0 0 1
-0.993087 -0.037695 -0.111162 -0.016894 0.053450 -0.988372 -0.142353 0.041733 -0.104504 -0.147310 0.983554 0.216989 0 0 0 1
-0.991224 -0.039925 -0.126021 -0.016922 0.058876 -0.986864 -0.150443 0.041819 -0.118359 -0.156542 0.980554 0.217024 0 0 0 1
-0.991223 -0.039949 -0.126021 -0.017097 0.058900 -0.986863 -0.150443 0.041824 -0.118355 -0.156545 0.980554 0.217028 0 0 0 1
-0.986803 -0.042272 -0.156313 -0.016968 0.067175 -0.985209 -0.157642 0.041901 -0.147337 -0.166062 0.975046 0.217083 0 0 0 1
-0.986801 -0.042312 -0.156313 -0.017139 0.067214 -0.985206 -0.157642 0.041907 -0.147330 -0.166068 0.975046 0.217081 0 0 0 1
-0.986799 -0.042358 -0.156313 -0.017309 0.067260 -0.985203 -0.157642 0.041913 -0.147322 -0.166075 0.975046 0.217075 0 0 0 1
-0.978388 -0.041313 -0.202607 -0.017014 0.072715 -0.985995 -0.150088 0.041843 -0.193569 -0.161577 0.967690 0.217140 0 0 0 1
-0.966587 -0.043657 -0.252592 -0.016680 0.084876 -0.984314 -0.154668 0.041894 -0.241878 -0.170939 0.955131 0.217252 0 0 0 1
-0.966584 -0.043735 -0.252592 -0.016843 0.084955 -0.984307 -0.154668 0.041900 -0.241864 -0.170958 0.955131 0.217236 0 0 0 1
-0.956635 -0.046565 -0.287544 -0.016654 0.096323 -0.982177 -0.161402 0.041974 -0.274904 -0.182099 0.944070 0.217325 0 0 0 1
-0.956629 -0.046680 -0.287544 -0.016812 0.096441 -0.982165 -0.161402 0.041980 -0.274882 -0.182133 0.944070 0.217299 0 0 0 1
-0.941686 -0.045890 -0.333348 -0.016510 0.102182 -0.982874 -0.153353 0.041905 -0.320602 -0.178473 0.930248 0.217407 0 0 0 1
-0.941679 -0.046032 -0.333348 -0.016662 0.102331 -0.982859 -0.153353 0.041911 -0.320575 -0.178521 0.930248 0.217371 0 0 0 1
-0.941672 -0.046191 -0.333348 -0.016812 0.102497 -0.982841 -0.153353 0.041917 -0.320545 -0.178575 0.930248 0.217330 0 0 0 1
-0.916600 -0.046562 -0.397085 -0.016321 0.113421 -0.982674 -0.146584 0.041855 -0.383380 -0.179397 0.906001 0.217527 0 0 0 1
-0.916590 -0.046765 -0.397085 -0.016464 0.113638 -0.982649 -0.146584 0.041861 -0.383340 -0.179482 0.906001 0.217474 0 0 0 1
-0.916578 -0.046989 -0.397085 -0.016604 0.113879 -0.982621 -0.146584 0.041867 -0.383296 -0.179576 0.906001 0.217416 0 0 0 1
-0.916566 -0.047237 -0.397085 -0.016740 0.114144 -0.982590 -0.146584 0.041872 -0.383247 -0.179679 0.906001 0.217352 0 0 0 1
-0.916552 -0.047508 -0.397085 -0.016873 0.114436 -0.982557 -0.146584 0.041878 -0.383194 -0.179793 0.906001 0.217281 0 0 0 1
-0.889302 -0.045106 -0.455090 -0.016422 0.116922 -0.984476 -0.130904 0.041726 -0.442121 -0.169623 0.880771 0.217456 0 0 0 1
-0.857956 -0.038891 -0.512249 -0.015977 0.107478 -0.988652 -0.104953 0.041472 -0.502354 -0.145101 0.852400 0.217656 0 0 0 1
-0.857944 -0.039159 -0.512249 -0.016100 0.107788 -0.988619 -0.104953 0.041477 -0.502309 -0.145258 0.852400 0.217567 0 0 0 1
-0.857931 -0.039447 -0.512249 -0.016220 0.108120 -0.988582 -0.104953 0.041482 -0.502260 -0.145427 0.852400 0.217472 0 0 0 1
-0.819982 -0.038755 -0.571075 -0.015748 0.112647 -0.989120 -0.094620 0.041383 -0.561195 -0.141916 0.815426 0.217742 0 0 0 1
-0.828012 -0.031363 -0.559832 -0.015975 0.089647 -0.992996 -0.076961 0.041211 -0.553497 -0.113912 0.825024 0.217541 0 0 0 1
-0.828003 -0.031619 -0.559832 -0.016086 0.089953 -0.992968 -0.076961 0.041216 -0.553462 -0.114083 0.825024 0.217430 0 0 0 1
-0.787678 -0.030350 -0.615340 -0.015640 0.090748 -0.993607 -0.067157 0.041122 -0.609367 -0.108739 0.785396 0.217712 0 0 0 1
-0.787667 -0.030628 -0.615340 -0.015747 0.091098 -0.993575 -0.067157 0.041126 -0.609329 -0.108954 0.785396 0.217592 0 0 0 1
-0.787655 -0.030920 -0.615340 -0.015851 0.091467 -0.993541 -0.067157 0.041130 -0.609289 -0.109180 0.785396 0.217468 0 0 0 1
-0.757848 -0.016771 -0.652215 -0.015585 0.051199 -0.998115 -0.033826 0.040801 -0.650419 -0.059027 0.757279 0.217622 0 0 0 1
-0.728406 0.001424 -0.685145 -0.015356 -0.003854 -0.999991 0.002020 0.040446 -0.685135 0.004112 0.728404 0.217778 0 0 0 1
-0.728405 0.001533 -0.685145 -0.015454 -0.004005 -0.999990 0.002020 0.040450 -0.685135 0.004215 0.728404 0.217643 0 0 0 1
-0.716462 0.022916 -0.697250 -0.015430 -0.069565 -0.996826 0.038720 0.040086 -0.694149 0.076246 0.715782 0.217630 0 0 0 1
-0.716448 0.023337 -0.697250 -0.015525 -0.070151 -0.996785 0.038720 0.040090 -0.694104 0.076654 0.715782 0.217488 0 0 0 1
-0.716434 0.023765 -0.697250 -0.015619 -0.070747 -0.996743 0.038720 0.040093 -0.694058 0.077068 0.715782 0.217343 0 0 0 1
-0.683042 0.033371 -0.729617 -0.015387 -0.101222 -0.993641 0.049313 0.039990 -0.723331 0.107536 0.682076 0.217532 0 0 0 1
-0.657497 0.059936 -0.751070 -0.015264 -0.183722 -0.979496 0.082668 0.039660 -0.730715 0.192342 0.655027 0.217651 0 0 0 1
-0.657399 0.060993 -0.751070 -0.015354 -0.185297 -0.979199 0.082668 0.039663 -0.730405 0.193516 0.655027 0.217498 0 0 0 1
-0.630527 0.084500 -0.771554 -0.015238 -0.258165 -0.960289 0.105807 0.039434 -0.731974 0.265902 0.627303 0.217620 0 0 0 1
-0.609634 0.120421 -0.783483 -0.015207 -0.367171 -0.918866 0.144469 0.039050 -0.702519 0.375745 0.604387 0.217692 0 0 0 1
-0.609210 0.122546 -0.783483 -0.015295 -0.370373 -0.917580 0.144469 0.039053 -0.701204 0.378193 0.604387 0.217533 0 0 0 1
-0.608770 0.124715 -0.783483 -0.015382 -0.373639 -0.916255 0.144469 0.039055 -0.699852 0.380688 0.604387 0.217373 0 0 0 1
-0.608574 0.146271 -0.779899 -0.015505 -0.432823 -0.884963 0.171767 0.038784 -0.665057 0.442091 0.601876 0.217236 0 0 0 1
-0.607964 0.148786 -0.779899 -0.015592 -0.436478 -0.883166 0.171767 0.038786 -0.663224 0.444837 0.601876 0.217073 0 0 0 1
-0.597517 0.167149 -0.784241 -0.015635 -0.486753 -0.852828 0.189092 0.038615 -0.637216 0.494718 0.590940 0.217018 0 0 0 1
-0.596717 0.169983 -0.784241 -0.015721 -0.490794 -0.850509 0.189092 0.038617 -0.634862 0.497736 0.590940 0.216854 0 0 0 1
-0.595890 0.172860 -0.784241 -0.015808 -0.494892 -0.848131 0.189092 0.038619 -0.632453 0.500793 0.590940 0.216689 0 0 0 1
-0.595036 0.175779 -0.784241 -0.015895 -0.499044 -0.845694 0.189092 0.038620 -0.629990 0.503888 0.590940 0.216523 0 0 0 1
-0.594153 0.178738 -0.784241 -0.015982 -0.503247 -0.843200 0.189092 0.038622 -0.627474 0.507017 0.590940 0.216358 0 0 0 1
-0.610938 0.172747 -0.772602 -0.016186 -0.479318 -0.857420 0.187311 0.038641 -0.630087 0.484757 0.606631 0.216036 0 0 0 1
-0.610124 0.175598 -0.772602 -0.016275 -0.483316 -0.855172 0.187311 0.038642 -0.627817 0.487694 0.606631 0.215871 0 0 0 1
-0.632418 0.178678 -0.753738 -0.016553 -0.481961 -0.852521 0.202290 0.038493 -0.606433 0.491204 0.625266 0.215521 0 0 0 1
-0.631618 0.181485 -0.753738 -0.016643 -0.485741 -0.850373 0.202290 0.038494 -0.604246 0.493892 0.625266 0.215357 0 0 0 1
-0.631886 0.190144 -0.751375 -0.016758 -0.503856 -0.837415 0.211812 0.038400 -0.588938 0.512426 0.624957 0.215198 0 0 0 1
-0.639976 0.198857 -0.742218 -0.016942 -0.519314 -0.823872 0.227044 0.038249 -0.566343 0.530746 0.630527 0.214981 0 0 0 1
-0.647358 0.182914 -0.739912 -0.017059 -0.474706 -0.856260 0.203649 0.038483 -0.596307 0.483074 0.641137 0.214715 0 0 0 1
-0.646579 0.185651 -0.739912 -0.017154 -0.478323 -0.854245 0.203649 0.038484 -0.594258 0.485592 0.641137 0.214557 0 0 0 1
-0.645783 0.188402 -0.739912 -0.017251 -0.481955 -0.852201 0.203649 0.038484 -0.592186 0.488118 0.641137 0.214401 0 0 0 1
-0.665175 0.174591 -0.725990 -0.017489 -0.440348 -0.876932 0.192570 0.038595 -0.603023 0.447781 0.660194 0.214057 0 0 0 1
-0.664508 0.177110 -0.725990 -0.017590 -0.443667 -0.875258 0.192570 0.038595 -0.601322 0.450062 0.660194 0.213905 0 0 0 1
-0.663830 0.179635 -0.725990 -0.017692 -0.446992 -0.873565 0.192570 0.038595 -0.599606 0.452345 0.660194 0.213756 0 0 0 1
-0.663140 0.182165 -0.725990 -0.017797 -0.450319 -0.871854 0.192570 0.038595 -0.597877 0.454628 0.660194 0.213609 0 0 0 1
-0.662440 0.184697 -0.725990 -0.017904 -0.453647 -0.870127 0.192570 0.038595 -0.596136 0.456909 0.660194 0.213466 0 0 0 1
-0.680452 0.160797 -0.714933 -0.018123 -0.390704 -0.904998 0.168315 0.038837 -0.619948 0.393858 0.678631 0.213141 0 0 0 1
-0.693213 0.169962 -0.700406 -0.018380 -0.406384 -0.894760 0.185086 0.038669 -0.595237 0.412938 0.689329 0.212896 0 0 0 1
-0.692666 0.172177 -0.700406 -0.018494 -0.409242 -0.893456 0.185086 0.038668 -0.593914 0.414838 0.689329 0.212762 0 0 0 1
-0.692112 0.174394 -0.700406 -0.018610 -0.412100 -0.892142 0.185086 0.038668 -0.592583 0.416737 0.689329 0.212630 0 0 0 1
-0.712512 0.157756 -0.683696 -0.018895 -0.367309 -0.914081 0.171874 0.038799 -0.597839 0.373590 0.709239 0.212302 0 0 0 1
-0.711648 0.180046 -0.679074 -0.019061 -0.414728 -0.887870 0.199217 0.038525 -0.567061 0.423403 0.706521 0.212203 0 0 0 1
-0.711098 0.182205 -0.679074 -0.019183 -0.417421 -0.886607 0.199217 0.038524 -0.565773 0.425122 0.706521 0.212079 0 0 0 1
-0.723232 0.170860 -0.669136 -0.019406 -0.387370 -0.902503 0.188237 0.038632 -0.571735 0.395342 0.718905 0.211834 0 0 0 1
-0.734723 0.141258 -0.663497 -0.019588 -0.318299 -0.935513 0.153298 0.038980 -0.599056 0.323822 0.732306 0.211581 0 0 0 1
-0.736375 0.151083 -0.659489 -0.019756 -0.337624 -0.926765 0.164672 0.038865 -0.586312 0.343920 0.733456 0.211453 0 0 0 1
-0.736017 0.152819 -0.659489 -0.019885 -0.339809 -0.925966 0.164672 0.038864 -0.585499 0.345302 0.733456 0.211339 0 0 0 1
-0.769205 0.083730 -0.633493 -0.020276 -0.182552 -0.978856 0.092282 0.039586 -0.612372 0.186629 0.768226 0.210879 0 0 0 1
-0.769104 0.084650 -0.633493 -0.020408 -0.183723 -0.978637 0.092282 0.039585 -0.612148 0.187362 0.768226 0.210769 0 0 0 1
-0.764827 0.116416 -0.633629 -0.020540 -0.251519 -0.959441 0.127321 0.039233 -0.593108 0.256748 0.763088 0.210712 0 0 0 1
-0.764634 0.117680 -0.633629 -0.020676 -0.253104 -0.959024 0.127321 0.039231 -0.592683 0.257728 0.763088 0.210606 0 0 0 1
-0.774805 0.095362 -0.624966 -0.020899 -0.203142 -0.973688 0.103274 0.039470 -0.598674 0.206974 0.773790 0.210394 0 0 0 1
-0.770483 0.110839 -0.627750 -0.021009 -0.235468 -0.964608 0.118689 0.039314 -0.592377 0.239263 0.769313 0.210336 0 0 0 1
-0.770314 0.112009 -0.627750 -0.021148 -0.236932 -0.964249 0.118689 0.039312 -0.592013 0.240163 0.769313 0.210235 0 0 0 1
-0.780543 0.101837 -0.616751 -0.021399 -0.213037 -0.970911 0.109299 0.039403 -0.587680 0.216704 0.779533 0.210034 0 0 0 1
-0.790627 0.084778 -0.606401 -0.021644 -0.175451 -0.980207 0.091715 0.039577 -0.586623 0.178906 0.789852 0.209833 0 0 0 1
-0.790536 0.085624 -0.606401 -0.021787 -0.176499 -0.980019 0.091715 0.039575 -0.586431 0.179533 0.789852 0.209736 0 0 0 1
-0.796980 0.052988 -0.601677 -0.021977 -0.108279 -0.992541 0.056016 0.039930 -0.594221 0.109793 0.796773 0.209572 0 0 0 1
-0.805976 0.028850 -0.591245 -0.022226 -0.057992 -0.997855 0.030363 0.040184 -0.589101 0.058760 0.805920 0.209386 0 0 0 1
-0.805967 0.029079 -0.591245 -0.022372 -0.058275 -0.997839 0.030363 0.040182 -0.589085 0.058927 0.805920 0.209293 0 0 0 1
-0.805892 0.045006 -0.590350 -0.022527 -0.090225 -0.994796 0.047328 0.040009 -0.585148 0.091405 0.805759 0.209203 0 0 0 1
-0.805870 0.045401 -0.590350 -0.022674 -0.090712 -0.994752 0.047328 0.040007 -0.585103 0.091692 0.805759 0.209113 0 0 0 1
-0.805847 0.045797 -0.590350 -0.022822 -0.091202 -0.994707 0.047328 0.040004 -0.585058 0.091980 0.805759 0.209023 0 0 0 1
-0.805824 0.046196 -0.590350 -0.022970 -0.091694 -0.994662 0.047328 0.040002 -0.585012 0.092269 0.805759 0.208934 0 0 0 1
-0.813237 0.003984 -0.581918 -0.023204 -0.007430 -0.999966 0.003538 0.040437 -0.581884 0.007201 0.813240 0.208771 0 0 0 1
-0.809565 0.031225 -0.586200 -0.023310 -0.061307 -0.997621 0.031527 0.040154 -0.583821 0.061461 0.809553 0.208720 0 0 0 1
-0.809555 0.031463 -0.586200 -0.023460 -0.061601 -0.997603 0.031527 0.040152 -0.583802 0.061634 0.809553 0.208633 0 0 0 1
-0.809546 0.031704 -0.586200 -0.023610 -0.061897 -0.997584 0.031527 0.040149 -0.583784 0.061807 0.809553 0.208546 0 0 0 1
-0.810811 0.020885 -0.584936 -0.023773 -0.040572 -0.998965 0.020572 0.040256 -0.583901 0.040412 0.810819 0.208448 0 0 0 1
-0.810807 0.021011 -0.584936 -0.023924 -0.040727 -0.998959 0.020572 0.040253 -0.583894 0.040502 0.810819 0.208362 0 0 0 1
-0.810804 0.021137 -0.584936 -0.024075 -0.040882 -0.998952 0.020572 0.040250 -0.583888 0.040593 0.810819 0.208276 0 0 0 1
-0.810801 0.021263 -0.584936 -0.024226 -0.041038 -0.998946 0.020572 0.040247 -0.583882 0.040684 0.810819 0.208191 0 0 0 1
-0.810321 0.033506 -0.585028 -0.024377 -0.064466 -0.997401 0.032168 0.040128 -0.582430 0.063781 0.810375 0.208110 0 0 0 1
-0.811238 0.014878 -0.584527 -0.024533 -0.028636 -0.999488 0.014302 0.040304 -0.584015 0.028341 0.811248 0.208016 0 0 0 1
-0.811236 0.014936 -0.584527 -0.024684 -0.028707 -0.999486 0.014302 0.040301 -0.584013 0.028383 0.811248 0.207931 0 0 0 1
-0.811235 0.014994 -0.584527 -0.024835 -0.028779 -0.999483 0.014302 0.040298 -0.584011 0.028425 0.811248 0.207845 0 0 0 1
-0.813112 -0.011355 -0.581996 -0.025011 0.021085 -0.999728 -0.009953 0.040537 -0.581725 -0.020364 0.813131 0.207740 0 0 0 1
-0.811252 0.012600 -0.584561 -0.025136 -0.024191 -0.999635 0.012025 0.040314 -0.584196 0.023896 0.811261 0.207673 0 0 0 1
-0.806284 0.047379 -0.589628 -0.025235 -0.089698 -0.995053 0.042701 0.040005 -0.584688 0.087318 0.806545 0.207633 0 0 0 1
-0.806259 0.047799 -0.589628 -0.025385 -0.090217 -0.995006 0.042701 0.040001 -0.584643 0.087623 0.806545 0.207546 0 0 0 1
-0.806234 0.048227 -0.589628 -0.025535 -0.090745 -0.994958 0.042701 0.039998 -0.584596 0.087933 0.806545 0.207459 0 0 0 1
-0.806208 0.048662 -0.589628 -0.025683 -0.091282 -0.994909 0.042701 0.039995 -0.584548 0.088248 0.806545 0.207370 0 0 0 1
-0.805657 0.037029 -0.591224 -0.025816 -0.069522 -0.997058 0.032290 0.040096 -0.588289 0.067118 0.805861 0.207288 0 0 0 1
-0.805642 0.037344 -0.591224 -0.025963 -0.069912 -0.997030 0.032290 0.040093 -0.588263 0.067348 0.805861 0.207198 0 0 0 1
-0.802992 0.058213 -0.593140 -0.026091 -0.108224 -0.992915 0.049065 0.039922 -0.586081 0.103591 0.803603 0.207130 0 0 0 1
-0.802951 0.058782 -0.593140 -0.026237 -0.108928 -0.992838 0.049065 0.039919 -0.586007 0.104007 0.803603 0.207038 0 0 0 1
-0.806500 0.025866 -0.590669 -0.026408 -0.048342 -0.998582 0.022277 0.040184 -0.589255 0.046520 0.806607 0.206915 0 0 0 1
-0.805031 0.021572 -0.592840 -0.026530 -0.040461 -0.999008 0.018591 0.040218 -0.591851 0.038953 0.805106 0.206836 0 0 0 1
-0.810246 -0.001255 -0.586089 -0.026741 0.001089 -0.999999 0.000636 0.040394 -0.586089 -0.000123 0.810247 0.206689 0 0 0 1
-0.805657 -0.012369 -0.592253 -0.026822 0.021116 -0.999746 -0.007846 0.040476 -0.592006 -0.018827 0.805714 0.206638 0 0 0 1
-0.805653 -0.012633 -0.592253 -0.026964 0.021444 -0.999739 -0.007846 0.040473 -0.591999 -0.019021 0.805714 0.206540 0 0 0 1
-0.809023 -0.024993 -0.587246 -0.027154 0.043375 -0.998910 -0.017243 0.040564 -0.586175 -0.039422 0.809225 0.206405 0 0 0 1
-0.805442 -0.002146 -0.592670 -0.027239 0.002392 -0.999997 0.000371 0.040385 -0.592670 -0.001118 0.805445 0.206342 0 0 0 1
-0.805442 -0.002285 -0.592670 -0.027377 0.002564 -0.999997 0.000371 0.040382 -0.592669 -0.001221 0.805445 0.206239 0 0 0 1
-0.805441 -0.002426 -0.592670 -0.027513 0.002738 -0.999996 0.000371 0.040379 -0.592669 -0.001324 0.805445 0.206134 0 0 0 1
-0.807884 -0.042094 -0.587836 -0.027697 0.072629 -0.996954 -0.028426 0.040664 -0.584849 -0.065659 0.808480 0.205997 0 0 0 1
-0.807850 -0.042743 -0.587836 -0.027830 0.073429 -0.996895 -0.028426 0.040661 -0.584796 -0.066128 0.808480 0.205889 0 0 0 1
-0.807489 -0.027872 -0.589224 -0.027948 0.047098 -0.998740 -0.017300 0.040547 -0.588000 -0.041720 0.807784 0.205786 0 0 0 1
-0.815180 -0.051629 -0.576901 -0.028202 0.087770 -0.995528 -0.034929 0.040720 -0.572518 -0.079108 0.816067 0.205590 0 0 0 1
-0.815131 -0.052398 -0.576901 -0.028331 0.088709 -0.995445 -0.034929 0.040718 -0.572443 -0.079648 0.816067 0.205476 0 0 0 1
-0.815081 -0.053182 -0.576901 -0.028458 0.089667 -0.995359 -0.034929 0.040715 -0.572366 -0.080199 0.816067 0.205359 0 0 0 1
-0.820378 -0.036485 -0.570657 -0.028646 0.060488 -0.997900 -0.023157 0.040594 -0.568614 -0.053516 0.820862 0.205192 0 0 0 1
-0.826292 -0.072336 -0.558577 -0.028890 0.120468 -0.991467 -0.049810 0.040858 -0.550207 -0.108448 0.827956 0.204999 0 0 0 1
-0.826202 -0.073361 -0.558577 -0.029012 0.121697 -0.991317 -0.049810 0.040856 -0.550073 -0.109130 0.827956 0.204875 0 0 0 1
-0.826109 -0.074407 -0.558577 -0.029132 0.122952 -0.991162 -0.049810 0.040853 -0.549934 -0.109826 0.827956 0.204749 0 0 0 1
-0.826012 -0.075474 -0.558577 -0.029249 0.124232 -0.991002 -0.049810 0.040851 -0.549792 -0.110537 0.827956 0.204619 0 0 0 1
-0.825912 -0.076563 -0.558577 -0.029365 0.125539 -0.990838 -0.049810 0.040848 -0.549645 -0.111261 0.827956 0.204487 0 0 0 1
-0.836934 -0.075398 -0.542085 -0.029643 0.122118 -0.991221 -0.050673 0.040854 -0.533505 -0.108608 0.838795 0.204244 0 0 0 1
-0.836837 -0.076466 -0.542085 -0.029755 0.123383 -0.991065 -0.050673 0.040852 -0.533366 -0.109289 0.838795 0.204106 0 0 0 1
-0.844121 -0.050386 -0.533780 -0.029947 0.079992 -0.996267 -0.032457 0.040668 -0.530152 -0.070096 0.845000 0.203903 0 0 0 1
-0.844121 -0.050386 -0.533780 -0.035284 0.079992 -0.996267 -0.032457 0.040343 -0.530152 -0.070096 0.845000 0.212353 0 0 0 1
