camera_matrix:
- - 796.71317819559
  - 0.0
  - 820.2897077029871
- - 0.0
  - 796.8654201077464
  - 606.3543615788664
- - 0.0
  - 0.0
  - 1.0
dist_coeffs:
- -0.05127411767356332
- 0.14767296723175963
- 0.00014463666479695917
- -0.0014685870176580002
- -0.10910116165293914
num_views: 60
reprojection_error: 0.013553841307094923
