camera:
  matrix:
    fx: 783.0305905505055
    fy: 782.6971160965362
    cx: 781.4306000102073
    cy: 577.2893181354085
  distortion_coeffs: [-0.07042573409493194, 0.151235424101291, -0.0005722270171468397, 0.0003957265537185122, -0.09142117669717535]
chessboard:
  size: [19, 19]
  square_size: 0.01
num_views: 76
reprojection_error: 0.07013748350058364
