camera:
  matrix:
    fx: 782.7186670652106
    fy: 781.589922879917
    cx: 824.9065216110693
    cy: 605.9722267390844
  distortion_coeffs: [-0.04226648219139469, 0.08955099139870354, 0.0002789611639069264, -1.151238132813804e-05, -0.05251151010449642]
chessboard:
  size: [19, 19]
  square_size: 0.01
num_views: 90
reprojection_error: 0.0304615628720912
