[INFO] 初始配准矩阵:
[[ 0.740562  0.455782 -0.493794  0.064401]
 [-0.314856  0.884519  0.344228 -0.071001]
 [ 0.593663 -0.099449  0.798546  0.19251 ]
 [ 0.        0.        0.        1.      ]]
[SYSTEM] 正在初始化 ROS 环境
[ROS] 节点已启动，正在监听配准话题
[ROBOT] 正在连接至机器人: 192.168.253.101
[INFO] 负载参数设置完毕: 质量 0.82kg
[FILE] 正在加载轨迹文件: point_cloud/path_matrix.txt
[SUCCESS] 轨迹加载完成，总点数: 302
[INFO] 标定矩阵加载成功
[INFO] 标定矩阵加载成功
[SYSTEM] 系统准备就绪，按 'h' 查看操作指令
u[MODE] 进入超声扫描模式
[INFO] 已获取配准数据
[SCAN] 当前采样点索引: 1
[SCAN] 目标轨迹矩阵:
[[-9.37449e-01  7.70000e-04 -3.48123e-01  1.28330e-02]
 [ 7.09980e-02 -9.78557e-01 -1.93354e-01  4.43420e-02]
 [-3.40807e-01 -2.05976e-01  9.17292e-01  2.22922e-01]
 [ 0.00000e+00  0.00000e+00  0.00000e+00  1.00000e+00]]
[SCAN] 计算目标位姿: [np.float64(0.12870176485513304), np.float64(-0.8265666220860877), np.float64(0.3150285008930779), np.float64(-0.44181711134528195), np.float64(1.2065878140998878), np.float64(-1.6168738495879398)]
[SCAN] 到达关键采样点: 1
[SCAN] 开始停留等待

[INFO] 已获取配准数据
[SCAN] 当前采样点索引: 1
[SCAN] 目标轨迹矩阵:
[[-9.37449e-01  7.70000e-04 -3.48123e-01  1.28330e-02]
 [ 7.09980e-02 -9.78557e-01 -1.93354e-01  4.43420e-02]
 [-3.40807e-01 -2.05976e-01  9.17292e-01  2.22922e-01]
 [ 0.00000e+00  0.00000e+00  0.00000e+00  1.00000e+00]]
[SCAN] 计算目标位姿: [np.float64(0.12870176485513304), np.float64(-0.8265666220860877), np.float64(0.3150285008930779), np.float64(-0.44181711134528195), np.float64(1.2065878140998878), np.float64(-1.6168738495879398)]
[SCAN] 到达关键采样点: 1
[SCAN] 开始停留等待
[SCAN] 停留结束，继续任务
[FOLLOW] 任务进度: 2/302
[SCAN] 当前采样点索引: 2
[SCAN] 目标轨迹矩阵:
[[-9.37449e-01  5.53000e-04 -3.48123e-01  1.26610e-02]
 [ 7.12250e-02 -9.78540e-01 -1.93354e-01  4.43280e-02]
 [-3.40759e-01 -2.06055e-01  9.17292e-01  2.22901e-01]
 [ 0.00000e+00  0.00000e+00  0.00000e+00  1.00000e+00]]
[SCAN] 计算目标位姿: [np.float64(0.18730359055316811), np.float64(-0.8467001316443046), np.float64(0.38575186851222587), np.float64(-1.555428500647168), np.float64(0.28232304716447043), np.float64(-0.9156219232354706)]