# 右相机标定配置

camera:
  matrix:
    fx: 775.952503488026991   # 焦距 fx
    fy: 775.952503488026991 # 焦距 fy
    cx: 825.154450261780084 # 主点 cx
    cy: 601.070680628272271 # 主点 cy
  distortion_coeffs: [0.00000, 0.00000, 0.00000, 0.00000, 0.00000]  # 畸变系数（假设无畸变）

chessboard:
  size: [20, 20]  # 棋盘格行列数
  square_size: 0.01  # 每个格子的物理尺寸（单位：米）
