0.656230 -0.198241 0.728054 0.056077 0.736334 0.379034 -0.560486 -0.599456 -0.164846 0.903899 0.394705 0.363517 0.000000 0.000000 0.000000 1.000000
0.656219 -0.198246 0.728062 0.056086 0.736339 0.379058 -0.560464 -0.599458 -0.164868 0.903888 0.394722 0.363530 0.000000 0.000000 0.000000 1.000000
0.656242 -0.198223 0.728049 0.056069 0.736317 0.379066 -0.560487 -0.599457 -0.164878 0.903890 0.394714 0.363533 0.000000 0.000000 0.000000 1.000000
0.637732 -0.222889 0.737305 0.072088 0.760158 0.336627 -0.555735 -0.599438 -0.124330 0.914879 0.384109 0.363518 0.000000 0.000000 0.000000 1.000000
0.637738 -0.222905 0.737295 0.072071 0.760157 0.336609 -0.555747 -0.599458 -0.124301 0.914881 0.384111 0.363527 0.000000 0.000000 0.000000 1.000000
0.637717 -0.222891 0.737317 0.072083 0.760171 0.336612 -0.555727 -0.599458 -0.124323 0.914884 0.384098 0.363520 0.000000 0.000000 0.000000 1.000000
0.604102 -0.214811 0.767410 -0.007911 0.788179 0.303189 -0.535584 -0.569449 -0.117621 0.928403 0.352467 0.363520 0.000000 0.000000 0.000000 1.000000
0.604126 -0.214797 0.767394 -0.007929 0.788155 0.303240 -0.535591 -0.569452 -0.117661 0.928390 0.352488 0.363539 0.000000 0.000000 0.000000 1.000000
0.604089 -0.214810 0.767420 -0.007901 0.788186 0.303209 -0.535563 -0.569448 -0.117644 0.928397 0.352476 0.363521 0.000000 0.000000 0.000000 1.000000
0.587761 -0.172980 0.790326 0.008076 0.796690 0.293747 -0.528202 -0.569455 -0.140787 0.940102 0.310464 0.363510 0.000000 0.000000 0.000000 1.000000
0.587763 -0.172977 0.790325 0.008074 0.796686 0.293763 -0.528199 -0.569457 -0.140801 0.940097 0.310472 0.363523 0.000000 0.000000 0.000000 1.000000
0.587765 -0.172984 0.790322 0.008073 0.796681 0.293798 -0.528188 -0.569458 -0.140826 0.940085 0.310497 0.363529 0.000000 0.000000 0.000000 1.000000
0.604596 -0.127194 0.786311 0.024084 0.779320 0.298567 -0.550924 -0.569451 -0.164692 0.945875 0.279637 0.363524 0.000000 0.000000 0.000000 1.000000
0.604618 -0.127167 0.786298 0.024067 0.779301 0.298571 -0.550950 -0.569449 -0.164704 0.945877 0.279623 0.363526 0.000000 0.000000 0.000000 1.000000
0.604607 -0.127207 0.786301 0.024090 0.779316 0.298555 -0.550937 -0.569439 -0.164671 0.945877 0.279643 0.363512 0.000000 0.000000 0.000000 1.000000
0.640888 -0.110009 0.759711 0.040077 0.751022 0.294634 -0.590894 -0.569452 -0.158833 0.949257 0.271447 0.363511 0.000000 0.000000 0.000000 1.000000
0.640897 -0.110016 0.759702 0.040075 0.751014 0.294649 -0.590898 -0.569451 -0.158837 0.949252 0.271463 0.363522 0.000000 0.000000 0.000000 1.000000
0.640883 -0.109993 0.759717 0.040076 0.751019 0.294665 -0.590883 -0.569455 -0.158869 0.949249 0.271453 0.363530 0.000000 0.000000 0.000000 1.000000
0.664903 -0.128867 0.735729 0.056084 0.737479 0.269462 -0.619286 -0.569446 -0.118446 0.954350 0.274203 0.363507 0.000000 0.000000 0.000000 1.000000
0.664885 -0.128878 0.735743 0.056095 0.737495 0.269461 -0.619268 -0.569444 -0.118444 0.954349 0.274208 0.363522 0.000000 0.000000 0.000000 1.000000
0.664898 -0.128840 0.735738 0.056085 0.737472 0.269525 -0.619266 -0.569458 -0.118514 0.954336 0.274223 0.363529 0.000000 0.000000 0.000000 1.000000
0.655982 -0.156961 0.738275 0.072079 0.751390 0.228358 -0.619085 -0.569457 -0.071419 0.960841 0.267738 0.363529 0.000000 0.000000 0.000000 1.000000
0.656007 -0.156943 0.738257 0.072072 0.751366 0.228382 -0.619104 -0.569453 -0.071440 0.960838 0.267742 0.363520 0.000000 0.000000 0.000000 1.000000
0.655993 -0.156971 0.738264 0.072091 0.751380 0.228373 -0.619091 -0.569437 -0.071420 0.960836 0.267756 0.363517 0.000000 0.000000 0.000000 1.000000
0.624535 -0.157494 0.764952 -0.007917 0.779291 0.190371 -0.597046 -0.539449 -0.051593 0.968997 0.241627 0.363523 0.000000 0.000000 0.000000 1.000000
0.624516 -0.157507 0.764965 -0.007906 0.779307 0.190362 -0.597029 -0.539450 -0.051584 0.968996 0.241631 0.363522 0.000000 0.000000 0.000000 1.000000
0.624521 -0.157467 0.764969 -0.007905 0.779298 0.190419 -0.597022 -0.539446 -0.051654 0.968992 0.241635 0.363533 0.000000 0.000000 0.000000 1.000000
0.601506 -0.121130 0.789632 0.008071 0.796070 0.173548 -0.579788 -0.539455 -0.066809 0.977348 0.200818 0.363522 0.000000 0.000000 0.000000 1.000000
0.601479 -0.121118 0.789654 0.008092 0.796087 0.173575 -0.579756 -0.539448 -0.066846 0.977344 0.200822 0.363529 0.000000 0.000000 0.000000 1.000000
0.601505 -0.121147 0.789630 0.008075 0.796071 0.173548 -0.579786 -0.539453 -0.066799 0.977346 0.200832 0.363511 0.000000 0.000000 0.000000 1.000000
0.609087 -0.073120 0.789725 0.024077 0.787443 0.174505 -0.591170 -0.539438 -0.094585 0.981938 0.163867 0.363513 0.000000 0.000000 0.000000 1.000000
0.609109 -0.073131 0.789708 0.024067 0.787424 0.174545 -0.591183 -0.539457 -0.094606 0.981930 0.163902 0.363521 0.000000 0.000000 0.000000 1.000000
0.609086 -0.073137 0.789724 0.024083 0.787443 0.174519 -0.591165 -0.539442 -0.094586 0.981934 0.163888 0.363505 0.000000 0.000000 0.000000 1.000000
0.641940 -0.048124 0.765243 0.040085 0.759984 0.172278 -0.626693 -0.539441 -0.101676 0.983872 0.147166 0.363519 0.000000 0.000000 0.000000 1.000000
0.641947 -0.048117 0.765237 0.040084 0.759977 0.172283 -0.626701 -0.539442 -0.101682 0.983872 0.147165 0.363509 0.000000 0.000000 0.000000 1.000000
0.641932 -0.048094 0.765252 0.040078 0.759986 0.172294 -0.626686 -0.539447 -0.101708 0.983871 0.147152 0.363515 0.000000 0.000000 0.000000 1.000000
0.671851 -0.060492 0.738212 0.056070 0.737193 0.151302 -0.658525 -0.539456 -0.071857 0.986635 0.146246 0.363528 0.000000 0.000000 0.000000 1.000000
0.671863 -0.060518 0.738199 0.056082 0.737186 0.151277 -0.658538 -0.539453 -0.071819 0.986637 0.146251 0.363511 0.000000 0.000000 0.000000 1.000000
0.671867 -0.060514 0.738196 0.056074 0.737180 0.151290 -0.658541 -0.539458 -0.071831 0.986635 0.146257 0.363533 0.000000 0.000000 0.000000 1.000000
0.672826 -0.090052 0.734300 0.072071 0.739440 0.112852 -0.663696 -0.539460 -0.023100 0.989523 0.142517 0.363532 0.000000 0.000000 0.000000 1.000000
0.672837 -0.090117 0.734281 0.072091 0.739433 0.112782 -0.663717 -0.539450 -0.023001 0.989525 0.142519 0.363510 0.000000 0.000000 0.000000 1.000000
0.672846 -0.090066 0.734280 0.072074 0.739422 0.112860 -0.663715 -0.539464 -0.023093 0.989520 0.142534 0.363536 0.000000 0.000000 0.000000 1.000000
0.646175 -0.098900 0.756754 -0.007924 0.763140 0.072489 -0.642154 -0.509448 0.008653 0.992454 0.122315 0.363510 0.000000 0.000000 0.000000 1.000000
0.646154 -0.098860 0.756777 -0.007915 0.763159 0.072519 -0.642129 -0.509449 0.008601 0.992455 0.122304 0.363515 0.000000 0.000000 0.000000 1.000000
0.646127 -0.098884 0.756797 -0.007904 0.763180 0.072454 -0.642111 -0.509447 0.008662 0.992458 0.122281 0.363509 0.000000 0.000000 0.000000 1.000000
0.618810 -0.069545 0.782457 0.008081 0.785529 0.049343 -0.616854 -0.509448 0.004290 0.996358 0.085163 0.363509 0.000000 0.000000 0.000000 1.000000
0.618788 -0.069536 0.782474 0.008084 0.785546 0.049324 -0.616834 -0.509450 0.004297 0.996359 0.085145 0.363512 0.000000 0.000000 0.000000 1.000000
0.618832 -0.069512 0.782441 0.008059 0.785512 0.049384 -0.616873 -0.509456 0.004240 0.996358 0.085163 0.363530 0.000000 0.000000 0.000000 1.000000
0.617298 -0.021277 0.786442 0.024082 0.786394 0.045880 -0.616019 -0.509441 -0.022975 0.998720 0.045054 0.363513 0.000000 0.000000 0.000000 1.000000
0.617285 -0.021275 0.786452 0.024071 0.786405 0.045860 -0.616007 -0.509451 -0.022961 0.998721 0.045039 0.363515 0.000000 0.000000 0.000000 1.000000
0.617290 -0.021307 0.786447 0.024076 0.786402 0.045822 -0.616013 -0.509452 -0.022911 0.998722 0.045041 0.363507 0.000000 0.000000 0.000000 1.000000
0.644415 0.010648 0.764602 0.040093 0.763589 0.044343 -0.644178 -0.509439 -0.040764 0.998960 0.020445 0.363523 0.000000 0.000000 0.000000 1.000000
0.644442 0.010648 0.764579 0.040075 0.763567 0.044333 -0.644205 -0.509449 -0.040756 0.998960 0.020439 0.363520 0.000000 0.000000 0.000000 1.000000
0.644432 0.010648 0.764587 0.040079 0.763574 0.044338 -0.644196 -0.509454 -0.040759 0.998960 0.020442 0.363527 0.000000 0.000000 0.000000 1.000000
0.677505 0.005643 0.735496 0.056090 0.735133 0.027176 -0.677378 -0.509448 -0.023810 0.999615 0.014264 0.363502 0.000000 0.000000 0.000000 1.000000
0.677513 0.005669 0.735489 0.056082 0.735124 0.027229 -0.677386 -0.509444 -0.023867 0.999613 0.014281 0.363532 0.000000 0.000000 0.000000 1.000000
0.677493 0.005665 0.735507 0.056080 0.735142 0.027220 -0.677366 -0.509456 -0.023858 0.999613 0.014277 0.363516 0.000000 0.000000 0.000000 1.000000
0.687872 -0.023373 0.725455 0.072070 0.725507 -0.007753 -0.688171 -0.509442 0.021710 0.999697 0.011624 0.363506 0.000000 0.000000 0.000000 1.000000
0.687845 -0.023349 0.725482 0.072071 0.725534 -0.007711 -0.688143 -0.509457 0.021662 0.999698 0.011636 0.363529 0.000000 0.000000 0.000000 1.000000
0.687846 -0.023359 0.725480 0.072082 0.725532 -0.007722 -0.688145 -0.509445 0.021677 0.999697 0.011636 0.363520 0.000000 0.000000 0.000000 1.000000
