0.509395 -0.006192 0.860511 0.105633 0.840573 0.217705 -0.496026 -0.665631 -0.184266 0.975995 0.116103 0.293312 0.000000 0.000000 0.000000 1.000000
0.509446 -0.006178 0.860480 0.105595 0.840547 0.217678 -0.496082 -0.665626 -0.184243 0.976001 0.116088 0.293299 0.000000 0.000000 0.000000 1.000000
0.509403 -0.006193 0.860506 0.105628 0.840574 0.217672 -0.496038 -0.665615 -0.184236 0.976002 0.116088 0.293293 0.000000 0.000000 0.000000 1.000000
0.509383 -0.006183 0.860518 0.105622 0.840584 0.217678 -0.496019 -0.665615 -0.184249 0.976001 0.116079 0.293290 0.000000 0.000000 0.000000 1.000000
0.509398 -0.006183 0.860509 0.105618 0.840572 0.217696 -0.496032 -0.665625 -0.184263 0.975997 0.116091 0.293302 0.000000 0.000000 0.000000 1.000000
0.509426 -0.006190 0.860492 0.105613 0.840562 0.217668 -0.496061 -0.665608 -0.184231 0.976003 0.116089 0.293292 0.000000 0.000000 0.000000 1.000000
0.519251 0.080090 0.850860 0.137619 0.824565 0.214768 -0.523420 -0.665603 -0.224658 0.973376 0.045479 0.293266 0.000000 0.000000 0.000000 1.000000
0.519280 0.080090 0.850843 0.137616 0.824544 0.214779 -0.523447 -0.665604 -0.224666 0.973373 0.045493 0.293284 0.000000 0.000000 0.000000 1.000000
0.519256 0.080096 0.850857 0.137615 0.824554 0.214797 -0.523424 -0.665612 -0.224686 0.973369 0.045491 0.293286 0.000000 0.000000 0.000000 1.000000
0.519233 0.080094 0.850872 0.137625 0.824568 0.214802 -0.523401 -0.665604 -0.224690 0.973368 0.045490 0.293280 0.000000 0.000000 0.000000 1.000000
0.519274 0.080089 0.850847 0.137615 0.824550 0.214775 -0.523440 -0.665608 -0.224662 0.973374 0.045490 0.293278 0.000000 0.000000 0.000000 1.000000
0.519269 0.080109 0.850848 0.137619 0.824532 0.214848 -0.523437 -0.665622 -0.224735 0.973356 0.045512 0.293306 0.000000 0.000000 0.000000 1.000000
0.580607 0.059991 0.811971 0.169618 0.795757 0.169163 -0.581511 -0.665612 -0.172240 0.983761 0.050479 0.293295 0.000000 0.000000 0.000000 1.000000
0.580592 0.059999 0.811981 0.169628 0.795763 0.169186 -0.581497 -0.665599 -0.172265 0.983756 0.050483 0.293279 0.000000 0.000000 0.000000 1.000000
0.580608 0.060006 0.811969 0.169611 0.795747 0.169202 -0.581513 -0.665607 -0.172281 0.983753 0.050491 0.293299 0.000000 0.000000 0.000000 1.000000
0.580621 0.059990 0.811961 0.169615 0.795747 0.169162 -0.581525 -0.665612 -0.172239 0.983761 0.050482 0.293296 0.000000 0.000000 0.000000 1.000000
0.580601 0.060003 0.811974 0.169617 0.795759 0.169163 -0.581508 -0.665609 -0.172248 0.983760 0.050468 0.293270 0.000000 0.000000 0.000000 1.000000
0.580618 0.059998 0.811962 0.169617 0.795746 0.169173 -0.581523 -0.665611 -0.172252 0.983758 0.050481 0.293280 0.000000 0.000000 0.000000 1.000000
0.534372 0.053187 0.843575 0.105624 0.837845 0.098482 -0.536951 -0.635620 -0.111636 0.993716 0.008063 0.293295 0.000000 0.000000 0.000000 1.000000
0.534356 0.053176 0.843585 0.105628 0.837858 0.098464 -0.536935 -0.635602 -0.111615 0.993719 0.008061 0.293288 0.000000 0.000000 0.000000 1.000000
0.534393 0.053180 0.843562 0.105620 0.837837 0.098444 -0.536972 -0.635606 -0.111600 0.993721 0.008051 0.293279 0.000000 0.000000 0.000000 1.000000
0.534382 0.053181 0.843568 0.105625 0.837840 0.098470 -0.536962 -0.635621 -0.111623 0.993718 0.008063 0.293295 0.000000 0.000000 0.000000 1.000000
0.534379 0.053179 0.843570 0.105614 0.837842 0.098473 -0.536958 -0.635622 -0.111623 0.993718 0.008066 0.293294 0.000000 0.000000 0.000000 1.000000
0.534377 0.053169 0.843572 0.105631 0.837847 0.098442 -0.536956 -0.635603 -0.111593 0.993721 0.008058 0.293285 0.000000 0.000000 0.000000 1.000000
0.527076 0.140210 0.838172 0.137618 0.836342 0.089364 -0.540875 -0.635613 -0.150739 0.986081 -0.070162 0.293286 0.000000 0.000000 0.000000 1.000000
0.527077 0.140208 0.838172 0.137622 0.836343 0.089358 -0.540875 -0.635605 -0.150732 0.986082 -0.070164 0.293290 0.000000 0.000000 0.000000 1.000000
0.527082 0.140212 0.838168 0.137605 0.836338 0.089367 -0.540881 -0.635622 -0.150742 0.986080 -0.070161 0.293293 0.000000 0.000000 0.000000 1.000000
0.563661 0.152699 0.811769 0.153606 0.811819 0.078947 -0.578547 -0.635619 -0.152431 0.985114 -0.079465 0.293285 0.000000 0.000000 0.000000 1.000000
0.563645 0.152700 0.811780 0.153615 0.811827 0.078968 -0.578533 -0.635616 -0.152447 0.985112 -0.079456 0.293298 0.000000 0.000000 0.000000 1.000000
0.563650 0.152681 0.811780 0.153622 0.811833 0.078924 -0.578530 -0.635623 -0.152399 0.985119 -0.079467 0.293298 0.000000 0.000000 0.000000 1.000000
0.592954 0.132097 0.794327 0.169618 0.796337 0.050055 -0.602779 -0.635607 -0.119386 0.989972 -0.075513 0.293281 0.000000 0.000000 0.000000 1.000000
0.592965 0.132102 0.794318 0.169608 0.796323 0.050094 -0.602793 -0.635625 -0.119421 0.989970 -0.075492 0.293309 0.000000 0.000000 0.000000 1.000000
0.592974 0.132080 0.794315 0.169613 0.796327 0.050025 -0.602794 -0.635620 -0.119352 0.989976 -0.075515 0.293295 0.000000 0.000000 0.000000 1.000000
0.590182 0.107076 0.800137 0.185625 0.804049 0.010481 -0.594470 -0.635610 -0.072040 0.994196 -0.079909 0.293286 0.000000 0.000000 0.000000 1.000000
0.590235 0.107083 0.800097 0.185614 0.804010 0.010480 -0.594524 -0.635619 -0.072048 0.994195 -0.079910 0.293300 0.000000 0.000000 0.000000 1.000000
0.590250 0.107091 0.800085 0.185600 0.803995 0.010522 -0.594543 -0.635633 -0.072089 0.994194 -0.079890 0.293314 0.000000 0.000000 0.000000 1.000000
0.561028 0.111690 0.820227 0.105623 0.826624 -0.022875 -0.562289 -0.605607 -0.044039 0.993480 -0.105160 0.293283 0.000000 0.000000 0.000000 1.000000
0.561039 0.111719 0.820216 0.105617 0.826614 -0.022832 -0.562306 -0.605613 -0.044093 0.993478 -0.105158 0.293284 0.000000 0.000000 0.000000 1.000000
0.561051 0.111708 0.820209 0.105608 0.826607 -0.022852 -0.562315 -0.605618 -0.044071 0.993478 -0.105160 0.293287 0.000000 0.000000 0.000000 1.000000
0.535416 0.150506 0.831070 0.121612 0.843101 -0.036875 -0.536489 -0.605622 -0.050100 0.987921 -0.146635 0.293298 0.000000 0.000000 0.000000 1.000000
0.535437 0.150504 0.831057 0.121609 0.843089 -0.036909 -0.536505 -0.605614 -0.050073 0.987920 -0.146650 0.293285 0.000000 0.000000 0.000000 1.000000
0.535448 0.150501 0.831050 0.121599 0.843083 -0.036911 -0.536516 -0.605617 -0.050071 0.987920 -0.146649 0.293287 0.000000 0.000000 0.000000 1.000000
0.538764 0.195871 0.819370 0.137607 0.839117 -0.038252 -0.542604 -0.605628 -0.074938 0.979883 -0.184968 0.293297 0.000000 0.000000 0.000000 1.000000
0.538730 0.195841 0.819400 0.137630 0.839145 -0.038304 -0.542557 -0.605608 -0.074869 0.979887 -0.184975 0.293272 0.000000 0.000000 0.000000 1.000000
0.538777 0.195874 0.819361 0.137608 0.839109 -0.038258 -0.542616 -0.605626 -0.074937 0.979883 -0.184972 0.293290 0.000000 0.000000 0.000000 1.000000
0.538760 0.195845 0.819379 0.137607 0.839123 -0.038282 -0.542593 -0.605621 -0.074897 0.979887 -0.184962 0.293293 0.000000 0.000000 0.000000 1.000000
0.538741 0.195849 0.819391 0.137623 0.839136 -0.038282 -0.542573 -0.605601 -0.074894 0.979886 -0.184968 0.293286 0.000000 0.000000 0.000000 1.000000
0.538773 0.195855 0.819368 0.137604 0.839114 -0.038280 -0.542607 -0.605613 -0.074907 0.979885 -0.184969 0.293292 0.000000 0.000000 0.000000 1.000000
0.603839 0.200664 0.771436 0.169625 0.794378 -0.071488 -0.603202 -0.605607 -0.065893 0.977048 -0.202570 0.293287 0.000000 0.000000 0.000000 1.000000
0.603886 0.200653 0.771401 0.169601 0.794345 -0.071535 -0.603240 -0.605610 -0.065860 0.977047 -0.202587 0.293284 0.000000 0.000000 0.000000 1.000000
0.603863 0.200666 0.771416 0.169615 0.794358 -0.071469 -0.603231 -0.605620 -0.065915 0.977049 -0.202558 0.293289 0.000000 0.000000 0.000000 1.000000
0.611141 0.173172 0.772346 0.185621 0.791270 -0.109068 -0.601660 -0.605606 -0.019953 0.978834 -0.203682 0.293298 0.000000 0.000000 0.000000 1.000000
0.611135 0.173169 0.772351 0.185619 0.791275 -0.109067 -0.601655 -0.605610 -0.019949 0.978834 -0.203679 0.293293 0.000000 0.000000 0.000000 1.000000
0.611116 0.173169 0.772366 0.185620 0.791289 -0.109066 -0.601636 -0.605606 -0.019946 0.978834 -0.203679 0.293294 0.000000 0.000000 0.000000 1.000000
0.588291 0.169010 0.790790 0.105615 0.808462 -0.143945 -0.570674 -0.575612 0.017381 0.975046 -0.221320 0.293302 0.000000 0.000000 0.000000 1.000000
0.588295 0.169031 0.790783 0.105613 0.808460 -0.143923 -0.570683 -0.575615 0.017348 0.975046 -0.221324 0.293297 0.000000 0.000000 0.000000 1.000000
0.588354 0.169040 0.790737 0.105582 0.808417 -0.143933 -0.570741 -0.575629 0.017335 0.975043 -0.221338 0.293289 0.000000 0.000000 0.000000 1.000000
0.588314 0.169041 0.790766 0.105617 0.808446 -0.143950 -0.570696 -0.575625 0.017360 0.975040 -0.221349 0.293308 0.000000 0.000000 0.000000 1.000000
0.588310 0.169031 0.790772 0.105616 0.808449 -0.143944 -0.570692 -0.575629 0.017362 0.975043 -0.221337 0.293300 0.000000 0.000000 0.000000 1.000000
0.588304 0.169042 0.790774 0.105618 0.808454 -0.143923 -0.570691 -0.575622 0.017340 0.975044 -0.221333 0.293300 0.000000 0.000000 0.000000 1.000000
0.554393 0.246748 0.794836 0.137622 0.832255 -0.165188 -0.529211 -0.575614 0.000716 0.954897 -0.296937 0.293290 0.000000 0.000000 0.000000 1.000000
0.554397 0.246736 0.794836 0.137620 0.832252 -0.165191 -0.529215 -0.575622 0.000724 0.954900 -0.296928 0.293295 0.000000 0.000000 0.000000 1.000000
0.554396 0.246736 0.794838 0.137609 0.832253 -0.165172 -0.529220 -0.575622 0.000707 0.954903 -0.296917 0.293299 0.000000 0.000000 0.000000 1.000000
0.578924 0.273213 0.768245 0.153614 0.815140 -0.171030 -0.553439 -0.575610 -0.019814 0.946627 -0.321720 0.293283 0.000000 0.000000 0.000000 1.000000
0.578885 0.273228 0.768270 0.153628 0.815167 -0.170960 -0.553422 -0.575617 -0.019866 0.946636 -0.321692 0.293287 0.000000 0.000000 0.000000 1.000000
0.578903 0.273223 0.768258 0.153626 0.815155 -0.170993 -0.553429 -0.575621 -0.019843 0.946631 -0.321708 0.293297 0.000000 0.000000 0.000000 1.000000
0.613964 0.264598 0.743664 0.169612 0.789256 -0.192562 -0.583090 -0.575615 -0.011083 0.944938 -0.327062 0.293277 0.000000 0.000000 0.000000 1.000000
0.613945 0.264595 0.743681 0.169620 0.789271 -0.192550 -0.583075 -0.575618 -0.011083 0.944941 -0.327053 0.293297 0.000000 0.000000 0.000000 1.000000
0.613939 0.264596 0.743685 0.169621 0.789275 -0.192538 -0.583073 -0.575619 -0.011091 0.944944 -0.327045 0.293285 0.000000 0.000000 0.000000 1.000000
0.630028 0.236672 0.739629 0.185611 0.776032 -0.227410 -0.588268 -0.575618 0.028972 0.944601 -0.326940 0.293294 0.000000 0.000000 0.000000 1.000000
0.630027 0.236671 0.739630 0.185616 0.776031 -0.227460 -0.588250 -0.575608 0.029014 0.944589 -0.326970 0.293282 0.000000 0.000000 0.000000 1.000000
0.630023 0.236682 0.739630 0.185625 0.776035 -0.227421 -0.588259 -0.575600 0.028977 0.944596 -0.326954 0.293290 0.000000 0.000000 0.000000 1.000000
0.630044 0.236683 0.739611 0.185613 0.776018 -0.227444 -0.588273 -0.575613 0.028986 0.944590 -0.326970 0.293277 0.000000 0.000000 0.000000 1.000000
0.630009 0.236661 0.739648 0.185625 0.776045 -0.227440 -0.588239 -0.575614 0.029012 0.944596 -0.326949 0.293290 0.000000 0.000000 0.000000 1.000000
0.630024 0.236678 0.739631 0.185622 0.776035 -0.227432 -0.588256 -0.575608 0.028989 0.944594 -0.326958 0.293288 0.000000 0.000000 0.000000 1.000000
0.586771 0.248414 0.770707 0.121615 0.804854 -0.283452 -0.521407 -0.545629 0.088934 0.926254 -0.366258 0.293302 0.000000 0.000000 0.000000 1.000000
0.586771 0.248404 0.770711 0.121619 0.804851 -0.283483 -0.521395 -0.545615 0.088966 0.926247 -0.366268 0.293305 0.000000 0.000000 0.000000 1.000000
0.586783 0.248378 0.770711 0.121619 0.804834 -0.283559 -0.521380 -0.545608 0.089043 0.926230 -0.366290 0.293282 0.000000 0.000000 0.000000 1.000000
0.586793 0.248403 0.770695 0.121607 0.804836 -0.283483 -0.521418 -0.545622 0.088957 0.926247 -0.366269 0.293295 0.000000 0.000000 0.000000 1.000000
0.586788 0.248412 0.770696 0.121612 0.804838 -0.283501 -0.521404 -0.545628 0.088970 0.926239 -0.366286 0.293293 0.000000 0.000000 0.000000 1.000000
0.586786 0.248443 0.770687 0.121625 0.804845 -0.283460 -0.521416 -0.545614 0.088917 0.926243 -0.366289 0.293307 0.000000 0.000000 0.000000 1.000000
0.590263 0.324607 0.739067 0.153619 0.805730 -0.292362 -0.515095 -0.545619 0.048871 0.899530 -0.434116 0.293292 0.000000 0.000000 0.000000 1.000000
0.590293 0.324582 0.739054 0.153597 0.805708 -0.292379 -0.515121 -0.545631 0.048885 0.899534 -0.434107 0.293303 0.000000 0.000000 0.000000 1.000000
0.590254 0.324589 0.739082 0.153627 0.805735 -0.292382 -0.515077 -0.545615 0.048906 0.899530 -0.434113 0.293294 0.000000 0.000000 0.000000 1.000000
0.623941 0.322935 0.711625 0.169618 0.780161 -0.310125 -0.543297 -0.545637 0.045243 0.894168 -0.445440 0.293299 0.000000 0.000000 0.000000 1.000000
0.623947 0.322912 0.711631 0.169615 0.780154 -0.310149 -0.543293 -0.545623 0.045276 0.894168 -0.445437 0.293311 0.000000 0.000000 0.000000 1.000000
0.623916 0.322912 0.711658 0.169631 0.780177 -0.310168 -0.543250 -0.545611 0.045312 0.894161 -0.445447 0.293299 0.000000 0.000000 0.000000 1.000000
0.646919 0.296482 0.702562 0.185616 0.758772 -0.341969 -0.554366 -0.545602 0.075895 0.891715 -0.446189 0.293289 0.000000 0.000000 0.000000 1.000000
0.646940 0.296490 0.702540 0.185604 0.758759 -0.341938 -0.554403 -0.545617 0.075850 0.891724 -0.446178 0.293294 0.000000 0.000000 0.000000 1.000000
0.646909 0.296493 0.702568 0.185622 0.758783 -0.341949 -0.554364 -0.545610 0.075878 0.891719 -0.446184 0.293287 0.000000 0.000000 0.000000 1.000000
