0.993342 -0.064074 0.095735 0.293198 0.091876 -0.060694 -0.993919 -0.511702 0.069495 0.996098 -0.054403 0.211031 0.000000 0.000000 0.000000 1.000000
0.993345 -0.064026 0.095738 0.293195 0.091877 -0.060755 -0.993915 -0.511681 0.069453 0.996097 -0.054468 0.211014 0.000000 0.000000 0.000000 1.000000
0.993347 -0.064051 0.095708 0.293198 0.091847 -0.060732 -0.993919 -0.511689 0.069474 0.996097 -0.054445 0.211025 0.000000 0.000000 0.000000 1.000000
0.793169 -0.570497 -0.213110 0.104051 -0.239808 0.029080 -0.970385 -0.531237 0.559799 0.820785 -0.113745 0.245111 0.000000 0.000000 0.000000 1.000000
0.793180 -0.570490 -0.213088 0.104054 -0.239752 0.029123 -0.970397 -0.531251 0.559808 0.820788 -0.113676 0.245141 0.000000 0.000000 0.000000 1.000000
0.793162 -0.570511 -0.213099 0.104039 -0.239780 0.029106 -0.970391 -0.531243 0.559821 0.820774 -0.113712 0.245124 0.000000 0.000000 0.000000 1.000000
0.406486 -0.555589 -0.725321 0.044407 -0.532927 0.500650 -0.682157 -0.378191 0.742131 0.663830 -0.092580 0.290033 0.000000 0.000000 0.000000 1.000000
0.406466 -0.555570 -0.725347 0.044406 -0.532967 0.500649 -0.682127 -0.378174 0.742113 0.663847 -0.092604 0.290018 0.000000 0.000000 0.000000 1.000000
0.406476 -0.555569 -0.725342 0.044403 -0.532975 0.500634 -0.682131 -0.378174 0.742102 0.663859 -0.092609 0.290013 0.000000 0.000000 0.000000 1.000000
0.987106 -0.117898 0.108263 0.164336 0.117428 0.073761 -0.990338 -0.479766 0.108773 0.990283 0.086655 0.356760 0.000000 0.000000 0.000000 1.000000
0.987102 -0.117916 0.108283 0.164338 0.117449 0.073765 -0.990336 -0.479756 0.108788 0.990280 0.086662 0.356754 0.000000 0.000000 0.000000 1.000000
0.987107 -0.117935 0.108221 0.164326 0.117387 0.073755 -0.990344 -0.479758 0.108814 0.990279 0.086648 0.356754 0.000000 0.000000 0.000000 1.000000
0.880297 -0.405893 -0.245617 0.097382 -0.207482 0.136206 -0.968710 -0.473539 0.426647 0.903714 0.035686 0.329209 0.000000 0.000000 0.000000 1.000000
0.880289 -0.405927 -0.245589 0.097403 -0.207460 0.136185 -0.968718 -0.473526 0.426674 0.903702 0.035669 0.329186 0.000000 0.000000 0.000000 1.000000
0.880309 -0.405910 -0.245548 0.097403 -0.207449 0.136115 -0.968730 -0.473525 0.426640 0.903720 0.035618 0.329181 0.000000 0.000000 0.000000 1.000000
0.914802 -0.396250 -0.078258 0.107222 -0.159455 -0.176292 -0.971337 -0.582573 0.371096 0.901059 -0.224456 0.352283 0.000000 0.000000 0.000000 1.000000
0.914792 -0.396259 -0.078322 0.107191 -0.159520 -0.176275 -0.971329 -0.582571 0.371092 0.901058 -0.224466 0.352275 0.000000 0.000000 0.000000 1.000000
0.914809 -0.396228 -0.078283 0.107202 -0.159486 -0.176314 -0.971328 -0.582577 0.371065 0.901064 -0.224486 0.352273 0.000000 0.000000 0.000000 1.000000
0.902668 -0.417271 0.105239 0.115881 -0.091558 -0.425171 -0.900470 -0.679350 0.420485 0.803190 -0.421993 0.331716 0.000000 0.000000 0.000000 1.000000
0.902667 -0.417271 0.105245 0.115893 -0.091582 -0.425226 -0.900442 -0.679333 0.420481 0.803161 -0.422052 0.331705 0.000000 0.000000 0.000000 1.000000
0.902670 -0.417262 0.105252 0.115903 -0.091576 -0.425238 -0.900437 -0.679326 0.420476 0.803159 -0.422061 0.331693 0.000000 0.000000 0.000000 1.000000
0.902509 0.157846 0.400702 0.270411 0.430652 -0.322126 -0.843074 -0.668741 -0.003999 0.933445 -0.358698 0.347546 0.000000 0.000000 0.000000 1.000000
0.902491 0.157871 0.400733 0.270425 0.430691 -0.322138 -0.843050 -0.668726 -0.004002 0.933437 -0.358720 0.347550 0.000000 0.000000 0.000000 1.000000
0.902500 0.157851 0.400719 0.270414 0.430671 -0.322176 -0.843046 -0.668721 -0.003973 0.933427 -0.358745 0.347525 0.000000 0.000000 0.000000 1.000000
0.726925 0.326525 0.604121 0.303398 0.668617 -0.135885 -0.731086 -0.586147 -0.156628 0.935370 -0.317098 0.369857 0.000000 0.000000 0.000000 1.000000
0.726893 0.326520 0.604161 0.303411 0.668649 -0.135844 -0.731065 -0.586149 -0.156636 0.935378 -0.317071 0.369883 0.000000 0.000000 0.000000 1.000000
0.726906 0.326510 0.604151 0.303413 0.668638 -0.135855 -0.731073 -0.586141 -0.156626 0.935379 -0.317071 0.369878 0.000000 0.000000 0.000000 1.000000
0.500288 0.379819 0.778106 0.338599 0.828484 0.051193 -0.557668 -0.548402 -0.251647 0.923643 -0.289062 0.361950 0.000000 0.000000 0.000000 1.000000
0.500268 0.379802 0.778127 0.338617 0.828508 0.051172 -0.557635 -0.548384 -0.251609 0.923651 -0.289069 0.361946 0.000000 0.000000 0.000000 1.000000
0.500276 0.379804 0.778121 0.338615 0.828499 0.051179 -0.557646 -0.548385 -0.251620 0.923650 -0.289063 0.361959 0.000000 0.000000 0.000000 1.000000
0.238453 0.547893 0.801844 0.336388 0.940797 0.074502 -0.330681 -0.428213 -0.240917 0.833224 -0.497691 0.360097 0.000000 0.000000 0.000000 1.000000
0.238510 0.547904 0.801819 0.336372 0.940784 0.074461 -0.330728 -0.428227 -0.240912 0.833221 -0.497699 0.360111 0.000000 0.000000 0.000000 1.000000
0.238499 0.547881 0.801838 0.336374 0.940784 0.074486 -0.330722 -0.428233 -0.240922 0.833234 -0.497672 0.360106 0.000000 0.000000 0.000000 1.000000
0.047077 0.636898 0.769510 0.270959 0.953277 0.201491 -0.225086 -0.395391 -0.298406 0.744152 -0.597655 0.336866 0.000000 0.000000 0.000000 1.000000
0.047079 0.636913 0.769497 0.270953 0.953274 0.201494 -0.225099 -0.395396 -0.298418 0.744139 -0.597666 0.336841 0.000000 0.000000 0.000000 1.000000
0.047084 0.636925 0.769487 0.270951 0.953267 0.201504 -0.225119 -0.395402 -0.298438 0.744126 -0.597672 0.336856 0.000000 0.000000 0.000000 1.000000
0.525143 0.310616 0.792302 0.166749 0.791166 0.164771 -0.588987 -0.448507 -0.313498 0.936145 -0.159220 0.339677 0.000000 0.000000 0.000000 1.000000
0.525163 0.310659 0.792272 0.166745 0.791136 0.164785 -0.589024 -0.448513 -0.313540 0.936129 -0.159235 0.339674 0.000000 0.000000 0.000000 1.000000
0.525166 0.310657 0.792271 0.166730 0.791128 0.164806 -0.589030 -0.448530 -0.313557 0.936126 -0.159219 0.339686 0.000000 0.000000 0.000000 1.000000
0.566271 -0.021893 0.823929 0.213903 0.815453 -0.130527 -0.563914 -0.648450 0.119891 0.991203 -0.056061 0.363364 0.000000 0.000000 0.000000 1.000000
0.566283 -0.021899 0.823920 0.213894 0.815439 -0.130567 -0.563924 -0.648450 0.119926 0.991198 -0.056080 0.363340 0.000000 0.000000 0.000000 1.000000
0.566261 -0.021907 0.823935 0.213896 0.815450 -0.130600 -0.563902 -0.648434 0.119959 0.991193 -0.056090 0.363343 0.000000 0.000000 0.000000 1.000000
0.573515 0.129122 0.808955 0.203038 0.818513 -0.050039 -0.572305 -0.616291 -0.033418 0.990365 -0.134386 0.276528 0.000000 0.000000 0.000000 1.000000
0.573526 0.129122 0.808947 0.203036 0.818505 -0.050028 -0.572317 -0.616293 -0.033429 0.990366 -0.134379 0.276539 0.000000 0.000000 0.000000 1.000000
0.573516 0.129131 0.808953 0.203037 0.818513 -0.050046 -0.572305 -0.616288 -0.033417 0.990364 -0.134397 0.276530 0.000000 0.000000 0.000000 1.000000
0.642000 -0.029674 0.766130 0.212363 0.748579 -0.191731 -0.634719 -0.706904 0.165726 0.980999 -0.100878 0.306402 0.000000 0.000000 0.000000 1.000000
0.641983 -0.029677 0.766144 0.212383 0.748599 -0.191694 -0.634707 -0.706915 0.165701 0.981006 -0.100848 0.306403 0.000000 0.000000 0.000000 1.000000
0.641989 -0.029679 0.766139 0.212375 0.748593 -0.191697 -0.634713 -0.706918 0.165704 0.981005 -0.100849 0.306420 0.000000 0.000000 0.000000 1.000000
0.888549 -0.175817 0.423755 0.068282 0.457136 0.417428 -0.785353 -0.411122 -0.038808 0.891539 0.451278 0.262431 0.000000 0.000000 0.000000 1.000000
0.888575 -0.175815 0.423702 0.068268 0.457089 0.417408 -0.785392 -0.411123 -0.038773 0.891549 0.451262 0.262419 0.000000 0.000000 0.000000 1.000000
0.888573 -0.175813 0.423708 0.068265 0.457095 0.417399 -0.785394 -0.411124 -0.038773 0.891554 0.451252 0.262416 0.000000 0.000000 0.000000 1.000000
0.937661 -0.193738 0.288543 0.084151 0.347551 0.521447 -0.779296 -0.355801 0.000519 0.830998 0.556274 0.249628 0.000000 0.000000 0.000000 1.000000
0.937644 -0.193770 0.288578 0.084175 0.347597 0.521403 -0.779304 -0.355775 0.000540 0.831019 0.556244 0.249608 0.000000 0.000000 0.000000 1.000000
0.937655 -0.193742 0.288560 0.084162 0.347566 0.521423 -0.779305 -0.355787 0.000522 0.831013 0.556253 0.249616 0.000000 0.000000 0.000000 1.000000
0.903086 -0.054617 0.425973 0.157797 0.416761 0.350872 -0.838570 -0.420843 -0.103661 0.934829 0.339630 0.280476 0.000000 0.000000 0.000000 1.000000
0.903081 -0.054600 0.425986 0.157800 0.416769 0.350870 -0.838567 -0.420835 -0.103680 0.934831 0.339620 0.280472 0.000000 0.000000 0.000000 1.000000
0.903072 -0.054617 0.426002 0.157812 0.416787 0.350883 -0.838552 -0.420834 -0.103678 0.934825 0.339636 0.280472 0.000000 0.000000 0.000000 1.000000
0.020153 0.019272 0.999611 0.245756 0.926450 0.375524 -0.025917 -0.507108 -0.375878 0.926612 -0.010286 0.278108 0.000000 0.000000 0.000000 1.000000
0.020157 0.019271 0.999611 0.245769 0.926450 0.375524 -0.025922 -0.507115 -0.375878 0.926612 -0.010285 0.278109 0.000000 0.000000 0.000000 1.000000
0.020173 0.019274 0.999611 0.245762 0.926463 0.375492 -0.025936 -0.507111 -0.375846 0.926625 -0.010282 0.278107 0.000000 0.000000 0.000000 1.000000
0.685216 0.040479 0.727215 0.121892 0.705900 0.209023 -0.676767 -0.571484 -0.179399 0.977073 0.114652 0.393774 0.000000 0.000000 0.000000 1.000000
0.685251 0.040492 0.727181 0.121888 0.705860 0.209051 -0.676800 -0.571491 -0.179423 0.977066 0.114671 0.393786 0.000000 0.000000 0.000000 1.000000
0.685256 0.040486 0.727176 0.121877 0.705859 0.209039 -0.676806 -0.571493 -0.179409 0.977069 0.114668 0.393784 0.000000 0.000000 0.000000 1.000000
0.840083 -0.160472 0.518180 0.201032 0.539367 0.145256 -0.829448 -0.633872 0.057834 0.976294 0.208580 0.407106 0.000000 0.000000 0.000000 1.000000
0.840079 -0.160471 0.518186 0.201045 0.539374 0.145281 -0.829439 -0.633859 0.057819 0.976290 0.208601 0.407127 0.000000 0.000000 0.000000 1.000000
0.840100 -0.160470 0.518152 0.201038 0.539338 0.145241 -0.829469 -0.633859 0.057848 0.976296 0.208565 0.407103 0.000000 0.000000 0.000000 1.000000
0.928447 -0.367707 -0.052714 0.094437 0.027794 0.210275 -0.977247 -0.584940 0.370425 0.905857 0.205449 0.378334 0.000000 0.000000 0.000000 1.000000
0.928445 -0.367712 -0.052699 0.094446 0.027803 0.210258 -0.977251 -0.584942 0.370427 0.905858 0.205437 0.378325 0.000000 0.000000 0.000000 1.000000
0.928438 -0.367729 -0.052707 0.094442 0.027789 0.210233 -0.977256 -0.584939 0.370446 0.905857 0.205407 0.378306 0.000000 0.000000 0.000000 1.000000
0.948920 -0.302211 -0.090657 0.084562 -0.117895 -0.073101 -0.990332 -0.577098 0.292662 0.950434 -0.104996 0.392772 0.000000 0.000000 0.000000 1.000000
0.948929 -0.302183 -0.090662 0.084576 -0.117885 -0.073062 -0.990336 -0.577093 0.292639 0.950446 -0.104953 0.392787 0.000000 0.000000 0.000000 1.000000
0.948917 -0.302211 -0.090692 0.084560 -0.117924 -0.073076 -0.990330 -0.577108 0.292661 0.950436 -0.104981 0.392782 0.000000 0.000000 0.000000 1.000000
0.635081 -0.588136 -0.500768 0.063635 -0.421763 0.279101 -0.862681 -0.400481 0.647139 0.759077 -0.070802 0.367616 0.000000 0.000000 0.000000 1.000000
0.635086 -0.588125 -0.500775 0.063633 -0.421774 0.279097 -0.862677 -0.400474 0.647126 0.759088 -0.070805 0.367617 0.000000 0.000000 0.000000 1.000000
0.635057 -0.588116 -0.500822 0.063621 -0.421786 0.279157 -0.862652 -0.400475 0.647148 0.759072 -0.070778 0.367615 0.000000 0.000000 0.000000 1.000000
0.621569 -0.557311 -0.550506 0.074355 -0.332056 0.449045 -0.829516 -0.311801 0.709501 0.698400 0.094054 0.323671 0.000000 0.000000 0.000000 1.000000
0.621562 -0.557334 -0.550490 0.074358 -0.332024 0.449052 -0.829526 -0.311796 0.709521 0.698378 0.094066 0.323667 0.000000 0.000000 0.000000 1.000000
0.621581 -0.557330 -0.550473 0.074360 -0.332005 0.449049 -0.829535 -0.311800 0.709514 0.698383 0.094084 0.323679 0.000000 0.000000 0.000000 1.000000
0.899311 -0.273234 -0.341444 0.140651 -0.094635 0.640685 -0.761950 -0.273118 0.426948 0.717542 0.550317 0.330270 0.000000 0.000000 0.000000 1.000000
0.899317 -0.273284 -0.341387 0.140664 -0.094566 0.640665 -0.761975 -0.273114 0.426950 0.717540 0.550317 0.330272 0.000000 0.000000 0.000000 1.000000
0.899314 -0.273275 -0.341401 0.140665 -0.094578 0.640673 -0.761966 -0.273125 0.426953 0.717536 0.550321 0.330283 0.000000 0.000000 0.000000 1.000000
0.991433 0.013334 0.129933 0.196438 0.115275 0.378427 -0.918425 -0.330870 -0.061416 0.925535 0.373648 0.354095 0.000000 0.000000 0.000000 1.000000
0.991434 0.013347 0.129925 0.196437 0.115263 0.378431 -0.918425 -0.330868 -0.061426 0.925533 0.373651 0.354100 0.000000 0.000000 0.000000 1.000000
0.991436 0.013380 0.129904 0.196431 0.115235 0.378378 -0.918450 -0.330862 -0.061442 0.925554 0.373596 0.354081 0.000000 0.000000 0.000000 1.000000
0.960007 0.027236 0.278649 0.219816 0.277644 0.035602 -0.960024 -0.493216 -0.036068 0.998995 0.026616 0.347369 0.000000 0.000000 0.000000 1.000000
0.960007 0.027218 0.278650 0.219822 0.277645 0.035597 -0.960024 -0.493213 -0.036049 0.998996 0.026616 0.347362 0.000000 0.000000 0.000000 1.000000
0.960009 0.027205 0.278646 0.219816 0.277644 0.035535 -0.960027 -0.493211 -0.036019 0.998998 0.026560 0.347350 0.000000 0.000000 0.000000 1.000000
0.960292 0.004322 0.278964 0.223224 0.278945 0.004549 -0.960296 -0.576327 -0.005419 0.999980 0.003163 0.345000 0.000000 0.000000 0.000000 1.000000
0.960299 0.004306 0.278940 0.223207 0.278921 0.004564 -0.960303 -0.576348 -0.005409 0.999980 0.003182 0.345016 0.000000 0.000000 0.000000 1.000000
0.960291 0.004328 0.278967 0.223218 0.278948 0.004562 -0.960295 -0.576344 -0.005429 0.999980 0.003174 0.345003 0.000000 0.000000 0.000000 1.000000
0.995436 0.080958 0.050535 0.166952 0.060666 -0.128011 -0.989916 -0.683187 -0.073673 0.988463 -0.132338 0.367444 0.000000 0.000000 0.000000 1.000000
0.995436 0.080971 0.050504 0.166930 0.060635 -0.127997 -0.989919 -0.683198 -0.073690 0.988464 -0.132323 0.367445 0.000000 0.000000 0.000000 1.000000
0.995435 0.080976 0.050511 0.166942 0.060643 -0.128000 -0.989918 -0.683191 -0.073695 0.988463 -0.132327 0.367459 0.000000 0.000000 0.000000 1.000000
0.974822 -0.199582 0.099447 0.143026 0.107668 0.030742 -0.993711 -0.611976 0.195269 0.979399 0.051457 0.217872 0.000000 0.000000 0.000000 1.000000
0.974823 -0.199570 0.099455 0.143027 0.107696 0.030842 -0.993705 -0.611998 0.195247 0.979398 0.051558 0.217907 0.000000 0.000000 0.000000 1.000000
0.974815 -0.199594 0.099486 0.143038 0.107703 0.030717 -0.993708 -0.611978 0.195283 0.979397 0.051440 0.217877 0.000000 0.000000 0.000000 1.000000
0.953339 0.086046 0.289381 0.196404 0.282839 0.080657 -0.955770 -0.502264 -0.105581 0.993021 0.052556 0.231518 0.000000 0.000000 0.000000 1.000000
0.953351 0.086047 0.289342 0.196396 0.282803 0.080620 -0.955784 -0.502270 -0.105569 0.993024 0.052525 0.231503 0.000000 0.000000 0.000000 1.000000
0.953339 0.086076 0.289371 0.196401 0.282829 0.080643 -0.955774 -0.502266 -0.105605 0.993019 0.052536 0.231509 0.000000 0.000000 0.000000 1.000000
0.903901 0.157596 0.397652 0.211766 0.336215 0.312940 -0.888273 -0.383411 -0.264430 0.936607 0.229880 0.247355 0.000000 0.000000 0.000000 1.000000
0.903887 0.157603 0.397680 0.211776 0.336238 0.312951 -0.888260 -0.383400 -0.264446 0.936602 0.229880 0.247351 0.000000 0.000000 0.000000 1.000000
0.903886 0.157573 0.397693 0.211786 0.336262 0.312938 -0.888255 -0.383401 -0.264418 0.936611 0.229874 0.247354 0.000000 0.000000 0.000000 1.000000
0.974551 -0.168119 -0.148277 0.145008 -0.069811 0.400949 -0.913437 -0.353349 0.213018 0.900542 0.379008 0.253262 0.000000 0.000000 0.000000 1.000000
0.974551 -0.168115 -0.148284 0.145006 -0.069822 0.400940 -0.913440 -0.353356 0.213016 0.900547 0.378998 0.253266 0.000000 0.000000 0.000000 1.000000
0.974550 -0.168150 -0.148248 0.145014 -0.069770 0.400955 -0.913437 -0.353355 0.213035 0.900533 0.379019 0.253270 0.000000 0.000000 0.000000 1.000000
0.763960 -0.357591 -0.537116 0.085837 -0.327487 0.502354 -0.800246 -0.399361 0.555983 0.787254 0.266672 0.257346 0.000000 0.000000 0.000000 1.000000
0.763943 -0.357558 -0.537162 0.085818 -0.327520 0.502393 -0.800207 -0.399370 0.555987 0.787244 0.266692 0.257356 0.000000 0.000000 0.000000 1.000000
0.763961 -0.357553 -0.537140 0.085824 -0.327509 0.502377 -0.800222 -0.399374 0.555969 0.787257 0.266694 0.257354 0.000000 0.000000 0.000000 1.000000
0.831820 -0.427049 -0.354548 0.082126 -0.343101 0.106499 -0.933242 -0.521126 0.436299 0.897935 -0.057933 0.245483 0.000000 0.000000 0.000000 1.000000
0.831809 -0.427052 -0.354571 0.082116 -0.343099 0.106556 -0.933236 -0.521137 0.436321 0.897927 -0.057887 0.245501 0.000000 0.000000 0.000000 1.000000
0.831816 -0.427072 -0.354531 0.082128 -0.343055 0.106559 -0.933252 -0.521142 0.436344 0.897917 -0.057872 0.245508 0.000000 0.000000 0.000000 1.000000
0.883638 -0.462284 -0.074008 0.109736 -0.107083 -0.045682 -0.993200 -0.606938 0.455760 0.885554 -0.089869 0.195022 0.000000 0.000000 0.000000 1.000000
0.883643 -0.462278 -0.073989 0.109745 -0.107043 -0.045646 -0.993206 -0.606941 0.455760 0.885559 -0.089819 0.195045 0.000000 0.000000 0.000000 1.000000
0.883646 -0.462269 -0.074008 0.109744 -0.107082 -0.045684 -0.993200 -0.606928 0.455745 0.885562 -0.089870 0.195018 0.000000 0.000000 0.000000 1.000000
0.970585 -0.226405 0.081893 0.161226 0.072065 -0.051352 -0.996077 -0.580037 0.229722 0.972679 -0.033526 0.207486 0.000000 0.000000 0.000000 1.000000
0.970579 -0.226436 0.081870 0.161229 0.072036 -0.051368 -0.996078 -0.580036 0.229754 0.972671 -0.033545 0.207476 0.000000 0.000000 0.000000 1.000000
0.970584 -0.226405 0.081894 0.161230 0.072066 -0.051356 -0.996077 -0.580038 0.229722 0.972678 -0.033530 0.207478 0.000000 0.000000 0.000000 1.000000
0.976386 -0.214104 0.028796 0.133952 0.026676 -0.012782 -0.999562 -0.569946 0.214378 0.976727 -0.006769 0.397963 0.000000 0.000000 0.000000 1.000000
0.976387 -0.214099 0.028804 0.133951 0.026688 -0.012768 -0.999562 -0.569952 0.214373 0.976728 -0.006753 0.397973 0.000000 0.000000 0.000000 1.000000
0.976389 -0.214089 0.028820 0.133959 0.026707 -0.012755 -0.999562 -0.569957 0.214363 0.976731 -0.006736 0.397966 0.000000 0.000000 0.000000 1.000000
0.843277 -0.298496 -0.446971 0.063513 -0.442678 0.085917 -0.892555 -0.573421 0.304826 0.950536 -0.059686 0.431356 0.000000 0.000000 0.000000 1.000000
0.843299 -0.298507 -0.446924 0.063518 -0.442606 0.085987 -0.892584 -0.573435 0.304872 0.950526 -0.059608 0.431391 0.000000 0.000000 0.000000 1.000000
0.843270 -0.298504 -0.446979 0.063504 -0.442671 0.085966 -0.892554 -0.573426 0.304855 0.950529 -0.059647 0.431387 0.000000 0.000000 0.000000 1.000000
0.530018 -0.521009 -0.669051 0.047569 -0.710284 0.158230 -0.685901 -0.471762 0.463225 0.838756 -0.286200 0.426694 0.000000 0.000000 0.000000 1.000000
0.530025 -0.521018 -0.669039 0.047570 -0.710243 0.158283 -0.685931 -0.471771 0.463280 0.838741 -0.286155 0.426723 0.000000 0.000000 0.000000 1.000000
0.530021 -0.520991 -0.669063 0.047560 -0.710280 0.158250 -0.685900 -0.471773 0.463227 0.838764 -0.286174 0.426712 0.000000 0.000000 0.000000 1.000000
0.721253 -0.502610 -0.476632 0.167679 -0.359324 0.316792 -0.877798 -0.354938 0.592183 0.804380 0.047887 0.417382 0.000000 0.000000 0.000000 1.000000
0.721245 -0.502612 -0.476641 0.167675 -0.359358 0.316761 -0.877795 -0.354930 0.592172 0.804390 0.047844 0.417373 0.000000 0.000000 0.000000 1.000000
0.721234 -0.502612 -0.476658 0.167673 -0.359352 0.316798 -0.877784 -0.354935 0.592189 0.804376 0.047871 0.417384 0.000000 0.000000 0.000000 1.000000
0.998491 -0.035520 0.041879 0.247534 0.049651 0.258184 -0.964819 -0.313640 0.023458 0.965443 0.259558 0.372155 0.000000 0.000000 0.000000 1.000000
0.998492 -0.035503 0.041868 0.247524 0.049635 0.258140 -0.964832 -0.313637 0.023447 0.965455 0.259513 0.372128 0.000000 0.000000 0.000000 1.000000
0.998490 -0.035540 0.041889 0.247539 0.049666 0.258208 -0.964812 -0.313637 0.023473 0.965435 0.259583 0.372157 0.000000 0.000000 0.000000 1.000000
0.995695 0.069341 0.061503 0.297702 0.043720 0.233744 -0.971315 -0.492258 -0.081728 0.969823 0.229706 0.409486 0.000000 0.000000 0.000000 1.000000
0.995694 0.069351 0.061506 0.297703 0.043722 0.233709 -0.971323 -0.492243 -0.081737 0.969830 0.229671 0.409452 0.000000 0.000000 0.000000 1.000000
0.995694 0.069359 0.061501 0.297700 0.043719 0.233673 -0.971332 -0.492241 -0.081742 0.969838 0.229634 0.409436 0.000000 0.000000 0.000000 1.000000
0.966518 -0.216244 -0.138135 0.228798 -0.143095 -0.007374 -0.989681 -0.623732 0.212994 0.976312 -0.038071 0.371422 0.000000 0.000000 0.000000 1.000000
0.966528 -0.216232 -0.138085 0.228822 -0.143060 -0.007447 -0.989686 -0.623716 0.212974 0.976314 -0.038132 0.371399 0.000000 0.000000 0.000000 1.000000
0.966519 -0.216258 -0.138110 0.228810 -0.143074 -0.007389 -0.989684 -0.623732 0.213006 0.976308 -0.038082 0.371416 0.000000 0.000000 0.000000 1.000000
0.960799 -0.163699 -0.223758 0.242859 -0.237997 -0.073023 -0.968517 -0.616981 0.142206 0.983804 -0.109121 0.223118 0.000000 0.000000 0.000000 1.000000
0.960802 -0.163694 -0.223750 0.242862 -0.237982 -0.072978 -0.968524 -0.616995 0.142213 0.983808 -0.109073 0.223130 0.000000 0.000000 0.000000 1.000000
0.960800 -0.163691 -0.223758 0.242859 -0.237996 -0.073026 -0.968517 -0.616984 0.142198 0.983805 -0.109121 0.223107 0.000000 0.000000 0.000000 1.000000
0.705874 -0.122649 -0.697638 0.159337 -0.698479 0.043221 -0.714324 -0.611063 0.117764 0.991509 -0.055159 0.240008 0.000000 0.000000 0.000000 1.000000
0.705839 -0.122665 -0.697671 0.159317 -0.698508 0.043269 -0.714293 -0.611068 0.117806 0.991505 -0.055142 0.240022 0.000000 0.000000 0.000000 1.000000
0.705856 -0.122664 -0.697654 0.159324 -0.698494 0.043246 -0.714308 -0.611057 0.117791 0.991506 -0.055155 0.240012 0.000000 0.000000 0.000000 1.000000
0.577071 -0.334256 -0.745159 0.179258 -0.765612 0.096212 -0.636068 -0.538664 0.284302 0.937559 -0.200389 0.276061 0.000000 0.000000 0.000000 1.000000
0.577072 -0.334246 -0.745163 0.179261 -0.765619 0.096194 -0.636061 -0.538647 0.284281 0.937564 -0.200394 0.276052 0.000000 0.000000 0.000000 1.000000
0.577069 -0.334260 -0.745159 0.179263 -0.765614 0.096205 -0.636066 -0.538648 0.284299 0.937558 -0.200397 0.276053 0.000000 0.000000 0.000000 1.000000
0.145735 -0.601375 -0.785563 0.145881 -0.584635 0.588212 -0.558756 -0.382556 0.798100 0.540698 -0.265862 0.299916 0.000000 0.000000 0.000000 1.000000
0.145746 -0.601303 -0.785616 0.145868 -0.584724 0.588198 -0.558678 -0.382525 0.798033 0.540793 -0.265869 0.299891 0.000000 0.000000 0.000000 1.000000
0.145739 -0.601320 -0.785605 0.145872 -0.584669 0.588227 -0.558705 -0.382535 0.798074 0.540744 -0.265846 0.299905 0.000000 0.000000 0.000000 1.000000
0.802911 0.264087 0.534409 0.246200 0.561552 -0.034327 -0.826729 -0.476521 -0.199984 0.963888 -0.175860 0.327352 0.000000 0.000000 0.000000 1.000000
0.802899 0.264108 0.534416 0.246213 0.561551 -0.034264 -0.826733 -0.476517 -0.200036 0.963884 -0.175821 0.327369 0.000000 0.000000 0.000000 1.000000
0.802898 0.264093 0.534424 0.246213 0.561568 -0.034319 -0.826719 -0.476504 -0.199989 0.963886 -0.175861 0.327350 0.000000 0.000000 0.000000 1.000000
0.977369 0.014289 0.211060 0.207995 0.210690 -0.155260 -0.965145 -0.596478 0.018978 0.987770 -0.154757 0.347645 0.000000 0.000000 0.000000 1.000000
0.977359 0.014306 0.211105 0.208006 0.210737 -0.155248 -0.965136 -0.596469 0.018967 0.987772 -0.154748 0.347650 0.000000 0.000000 0.000000 1.000000
0.977368 0.014319 0.211059 0.208002 0.210693 -0.155292 -0.965139 -0.596454 0.018956 0.987765 -0.154795 0.347621 0.000000 0.000000 0.000000 1.000000
0.888625 -0.243415 -0.388708 0.101178 -0.404499 -0.016505 -0.914389 -0.616772 0.216160 0.969782 -0.113128 0.368020 0.000000 0.000000 0.000000 1.000000
0.888622 -0.243433 -0.388705 0.101181 -0.404502 -0.016524 -0.914388 -0.616771 0.216169 0.969777 -0.113153 0.368002 0.000000 0.000000 0.000000 1.000000
0.888619 -0.243416 -0.388722 0.101176 -0.404508 -0.016478 -0.914386 -0.616785 0.216170 0.969782 -0.113106 0.368024 0.000000 0.000000 0.000000 1.000000
0.570658 -0.580817 -0.580518 0.084680 -0.655441 0.103727 -0.748090 -0.497363 0.494718 0.807399 -0.321498 0.292019 0.000000 0.000000 0.000000 1.000000
0.570668 -0.580799 -0.580526 0.084684 -0.655403 0.103791 -0.748114 -0.497386 0.494757 0.807403 -0.321427 0.292056 0.000000 0.000000 0.000000 1.000000
0.570665 -0.580822 -0.580506 0.084682 -0.655406 0.103764 -0.748115 -0.497382 0.494758 0.807390 -0.321459 0.292038 0.000000 0.000000 0.000000 1.000000
0.664370 -0.616445 -0.422621 0.116076 -0.548338 -0.017777 -0.836068 -0.561396 0.507877 0.787198 -0.349830 0.264265 0.000000 0.000000 0.000000 1.000000
0.664343 -0.616439 -0.422672 0.116054 -0.548378 -0.017748 -0.836042 -0.561400 0.507867 0.787203 -0.349832 0.264256 0.000000 0.000000 0.000000 1.000000
0.664364 -0.616425 -0.422658 0.116063 -0.548366 -0.017766 -0.836050 -0.561397 0.507853 0.787213 -0.349830 0.264265 0.000000 0.000000 0.000000 1.000000
0.138480 -0.851937 -0.505002 0.057101 -0.791020 0.211674 -0.574005 -0.555132 0.595912 0.478955 -0.644586 0.276262 0.000000 0.000000 0.000000 1.000000
0.138495 -0.851930 -0.505009 0.057117 -0.791007 0.211678 -0.574020 -0.555138 0.595925 0.478965 -0.644566 0.276270 0.000000 0.000000 0.000000 1.000000
0.138500 -0.851947 -0.504980 0.057112 -0.790997 0.211664 -0.574041 -0.555142 0.595938 0.478942 -0.644572 0.276266 0.000000 0.000000 0.000000 1.000000
-0.165014 -0.790098 -0.590352 0.074254 -0.835839 0.429778 -0.341562 -0.482228 0.523588 0.437076 -0.731314 0.330823 0.000000 0.000000 0.000000 1.000000
-0.165029 -0.790085 -0.590365 0.074253 -0.835849 0.429784 -0.341529 -0.482218 0.523566 0.437094 -0.731319 0.330818 0.000000 0.000000 0.000000 1.000000
-0.165009 -0.790084 -0.590372 0.074253 -0.835802 0.429815 -0.341606 -0.482237 0.523648 0.437066 -0.731277 0.330856 0.000000 0.000000 0.000000 1.000000
-0.415483 -0.597831 -0.685545 0.111214 -0.819504 0.573065 -0.003072 -0.475173 0.394699 0.560531 -0.728024 0.363592 0.000000 0.000000 0.000000 1.000000
-0.415528 -0.597808 -0.685537 0.111192 -0.819493 0.573081 -0.003019 -0.475167 0.394673 0.560539 -0.728031 0.363581 0.000000 0.000000 0.000000 1.000000
-0.415524 -0.597811 -0.685537 0.111205 -0.819489 0.573088 -0.003035 -0.475161 0.394687 0.560529 -0.728031 0.363578 0.000000 0.000000 0.000000 1.000000
0.960957 -0.026257 -0.275449 0.252661 -0.275100 -0.197478 -0.940916 -0.600524 -0.029689 0.979956 -0.196991 0.300455 0.000000 0.000000 0.000000 1.000000
0.960951 -0.026249 -0.275472 0.252647 -0.275120 -0.197511 -0.940903 -0.600512 -0.029711 0.979949 -0.197020 0.300445 0.000000 0.000000 0.000000 1.000000
0.960957 -0.026234 -0.275451 0.252665 -0.275095 -0.197541 -0.940904 -0.600513 -0.029729 0.979943 -0.197046 0.300434 0.000000 0.000000 0.000000 1.000000
0.962342 0.174895 0.208107 0.325295 0.244122 -0.219232 -0.944639 -0.576543 -0.119589 0.959869 -0.253672 0.282320 0.000000 0.000000 0.000000 1.000000
0.962331 0.174926 0.208134 0.325294 0.244156 -0.219229 -0.944630 -0.576536 -0.119611 0.959864 -0.253680 0.282310 0.000000 0.000000 0.000000 1.000000
0.962342 0.174902 0.208105 0.325290 0.244125 -0.219261 -0.944631 -0.576532 -0.119589 0.959861 -0.253702 0.282311 0.000000 0.000000 0.000000 1.000000
