0.993345 -0.064026 0.095738 0.293195 0.091877 -0.060755 -0.993915 -0.511681 0.069453 0.996097 -0.054468 0.211014 0.000000 0.000000 0.000000 1.000000
0.793180 -0.570490 -0.213088 0.104054 -0.239752 0.029123 -0.970397 -0.531251 0.559808 0.820788 -0.113676 0.245141 0.000000 0.000000 0.000000 1.000000
0.406466 -0.555570 -0.725347 0.044406 -0.532967 0.500649 -0.682127 -0.378174 0.742113 0.663847 -0.092604 0.290018 0.000000 0.000000 0.000000 1.000000
0.987102 -0.117916 0.108283 0.164338 0.117449 0.073765 -0.990336 -0.479756 0.108788 0.990280 0.086662 0.356754 0.000000 0.000000 0.000000 1.000000
0.880289 -0.405927 -0.245589 0.097403 -0.207460 0.136185 -0.968718 -0.473526 0.426674 0.903702 0.035669 0.329186 0.000000 0.000000 0.000000 1.000000
0.914792 -0.396259 -0.078322 0.107191 -0.159520 -0.176275 -0.971329 -0.582571 0.371092 0.901058 -0.224466 0.352275 0.000000 0.000000 0.000000 1.000000
0.902667 -0.417271 0.105245 0.115893 -0.091582 -0.425226 -0.900442 -0.679333 0.420481 0.803161 -0.422052 0.331705 0.000000 0.000000 0.000000 1.000000
0.902491 0.157871 0.400733 0.270425 0.430691 -0.322138 -0.843050 -0.668726 -0.004002 0.933437 -0.358720 0.347550 0.000000 0.000000 0.000000 1.000000
0.726893 0.326520 0.604161 0.303411 0.668649 -0.135844 -0.731065 -0.586149 -0.156636 0.935378 -0.317071 0.369883 0.000000 0.000000 0.000000 1.000000
0.500268 0.379802 0.778127 0.338617 0.828508 0.051172 -0.557635 -0.548384 -0.251609 0.923651 -0.289069 0.361946 0.000000 0.000000 0.000000 1.000000
0.238510 0.547904 0.801819 0.336372 0.940784 0.074461 -0.330728 -0.428227 -0.240912 0.833221 -0.497699 0.360111 0.000000 0.000000 0.000000 1.000000
0.047079 0.636913 0.769497 0.270953 0.953274 0.201494 -0.225099 -0.395396 -0.298418 0.744139 -0.597666 0.336841 0.000000 0.000000 0.000000 1.000000
0.525163 0.310659 0.792272 0.166745 0.791136 0.164785 -0.589024 -0.448513 -0.313540 0.936129 -0.159235 0.339674 0.000000 0.000000 0.000000 1.000000
0.566283 -0.021899 0.823920 0.213894 0.815439 -0.130567 -0.563924 -0.648450 0.119926 0.991198 -0.056080 0.363340 0.000000 0.000000 0.000000 1.000000
0.573526 0.129122 0.808947 0.203036 0.818505 -0.050028 -0.572317 -0.616293 -0.033429 0.990366 -0.134379 0.276539 0.000000 0.000000 0.000000 1.000000
0.641983 -0.029677 0.766144 0.212383 0.748599 -0.191694 -0.634707 -0.706915 0.165701 0.981006 -0.100848 0.306403 0.000000 0.000000 0.000000 1.000000
0.888575 -0.175815 0.423702 0.068268 0.457089 0.417408 -0.785392 -0.411123 -0.038773 0.891549 0.451262 0.262419 0.000000 0.000000 0.000000 1.000000
0.937644 -0.193770 0.288578 0.084175 0.347597 0.521403 -0.779304 -0.355775 0.000540 0.831019 0.556244 0.249608 0.000000 0.000000 0.000000 1.000000
0.903081 -0.054600 0.425986 0.157800 0.416769 0.350870 -0.838567 -0.420835 -0.103680 0.934831 0.339620 0.280472 0.000000 0.000000 0.000000 1.000000
0.020157 0.019271 0.999611 0.245769 0.926450 0.375524 -0.025922 -0.507115 -0.375878 0.926612 -0.010285 0.278109 0.000000 0.000000 0.000000 1.000000
0.685251 0.040492 0.727181 0.121888 0.705860 0.209051 -0.676800 -0.571491 -0.179423 0.977066 0.114671 0.393786 0.000000 0.000000 0.000000 1.000000
0.840079 -0.160471 0.518186 0.201045 0.539374 0.145281 -0.829439 -0.633859 0.057819 0.976290 0.208601 0.407127 0.000000 0.000000 0.000000 1.000000
0.928445 -0.367712 -0.052699 0.094446 0.027803 0.210258 -0.977251 -0.584942 0.370427 0.905858 0.205437 0.378325 0.000000 0.000000 0.000000 1.000000
0.948929 -0.302183 -0.090662 0.084576 -0.117885 -0.073062 -0.990336 -0.577093 0.292639 0.950446 -0.104953 0.392787 0.000000 0.000000 0.000000 1.000000
0.635086 -0.588125 -0.500775 0.063633 -0.421774 0.279097 -0.862677 -0.400474 0.647126 0.759088 -0.070805 0.367617 0.000000 0.000000 0.000000 1.000000
0.621562 -0.557334 -0.550490 0.074358 -0.332024 0.449052 -0.829526 -0.311796 0.709521 0.698378 0.094066 0.323667 0.000000 0.000000 0.000000 1.000000
0.899317 -0.273284 -0.341387 0.140664 -0.094566 0.640665 -0.761975 -0.273114 0.426950 0.717540 0.550317 0.330272 0.000000 0.000000 0.000000 1.000000
0.991434 0.013347 0.129925 0.196437 0.115263 0.378431 -0.918425 -0.330868 -0.061426 0.925533 0.373651 0.354100 0.000000 0.000000 0.000000 1.000000
0.960007 0.027218 0.278650 0.219822 0.277645 0.035597 -0.960024 -0.493213 -0.036049 0.998996 0.026616 0.347362 0.000000 0.000000 0.000000 1.000000
0.960299 0.004306 0.278940 0.223207 0.278921 0.004564 -0.960303 -0.576348 -0.005409 0.999980 0.003182 0.345016 0.000000 0.000000 0.000000 1.000000
0.995436 0.080971 0.050504 0.166930 0.060635 -0.127997 -0.989919 -0.683198 -0.073690 0.988464 -0.132323 0.367445 0.000000 0.000000 0.000000 1.000000
0.974823 -0.199570 0.099455 0.143027 0.107696 0.030842 -0.993705 -0.611998 0.195247 0.979398 0.051558 0.217907 0.000000 0.000000 0.000000 1.000000
0.953351 0.086047 0.289342 0.196396 0.282803 0.080620 -0.955784 -0.502270 -0.105569 0.993024 0.052525 0.231503 0.000000 0.000000 0.000000 1.000000
0.903887 0.157603 0.397680 0.211776 0.336238 0.312951 -0.888260 -0.383400 -0.264446 0.936602 0.229880 0.247351 0.000000 0.000000 0.000000 1.000000
0.974551 -0.168115 -0.148284 0.145006 -0.069822 0.400940 -0.913440 -0.353356 0.213016 0.900547 0.378998 0.253266 0.000000 0.000000 0.000000 1.000000
0.763943 -0.357558 -0.537162 0.085818 -0.327520 0.502393 -0.800207 -0.399370 0.555987 0.787244 0.266692 0.257356 0.000000 0.000000 0.000000 1.000000
0.831809 -0.427052 -0.354571 0.082116 -0.343099 0.106556 -0.933236 -0.521137 0.436321 0.897927 -0.057887 0.245501 0.000000 0.000000 0.000000 1.000000
0.883643 -0.462278 -0.073989 0.109745 -0.107043 -0.045646 -0.993206 -0.606941 0.455760 0.885559 -0.089819 0.195045 0.000000 0.000000 0.000000 1.000000
0.970579 -0.226436 0.081870 0.161229 0.072036 -0.051368 -0.996078 -0.580036 0.229754 0.972671 -0.033545 0.207476 0.000000 0.000000 0.000000 1.000000
0.976387 -0.214099 0.028804 0.133951 0.026688 -0.012768 -0.999562 -0.569952 0.214373 0.976728 -0.006753 0.397973 0.000000 0.000000 0.000000 1.000000
0.843299 -0.298507 -0.446924 0.063518 -0.442606 0.085987 -0.892584 -0.573435 0.304872 0.950526 -0.059608 0.431391 0.000000 0.000000 0.000000 1.000000
0.530025 -0.521018 -0.669039 0.047570 -0.710243 0.158283 -0.685931 -0.471771 0.463280 0.838741 -0.286155 0.426723 0.000000 0.000000 0.000000 1.000000
0.721245 -0.502612 -0.476641 0.167675 -0.359358 0.316761 -0.877795 -0.354930 0.592172 0.804390 0.047844 0.417373 0.000000 0.000000 0.000000 1.000000
0.998492 -0.035503 0.041868 0.247524 0.049635 0.258140 -0.964832 -0.313637 0.023447 0.965455 0.259513 0.372128 0.000000 0.000000 0.000000 1.000000
0.995694 0.069351 0.061506 0.297703 0.043722 0.233709 -0.971323 -0.492243 -0.081737 0.969830 0.229671 0.409452 0.000000 0.000000 0.000000 1.000000
0.966528 -0.216232 -0.138085 0.228822 -0.143060 -0.007447 -0.989686 -0.623716 0.212974 0.976314 -0.038132 0.371399 0.000000 0.000000 0.000000 1.000000
0.960802 -0.163694 -0.223750 0.242862 -0.237982 -0.072978 -0.968524 -0.616995 0.142213 0.983808 -0.109073 0.223130 0.000000 0.000000 0.000000 1.000000
0.705839 -0.122665 -0.697671 0.159317 -0.698508 0.043269 -0.714293 -0.611068 0.117806 0.991505 -0.055142 0.240022 0.000000 0.000000 0.000000 1.000000
0.577072 -0.334246 -0.745163 0.179261 -0.765619 0.096194 -0.636061 -0.538647 0.284281 0.937564 -0.200394 0.276052 0.000000 0.000000 0.000000 1.000000
0.145746 -0.601303 -0.785616 0.145868 -0.584724 0.588198 -0.558678 -0.382525 0.798033 0.540793 -0.265869 0.299891 0.000000 0.000000 0.000000 1.000000
0.802899 0.264108 0.534416 0.246213 0.561551 -0.034264 -0.826733 -0.476517 -0.200036 0.963884 -0.175821 0.327369 0.000000 0.000000 0.000000 1.000000
0.977359 0.014306 0.211105 0.208006 0.210737 -0.155248 -0.965136 -0.596469 0.018967 0.987772 -0.154748 0.347650 0.000000 0.000000 0.000000 1.000000
0.888622 -0.243433 -0.388705 0.101181 -0.404502 -0.016524 -0.914388 -0.616771 0.216169 0.969777 -0.113153 0.368002 0.000000 0.000000 0.000000 1.000000
0.570668 -0.580799 -0.580526 0.084684 -0.655403 0.103791 -0.748114 -0.497386 0.494757 0.807403 -0.321427 0.292056 0.000000 0.000000 0.000000 1.000000
0.664343 -0.616439 -0.422672 0.116054 -0.548378 -0.017748 -0.836042 -0.561400 0.507867 0.787203 -0.349832 0.264256 0.000000 0.000000 0.000000 1.000000
0.138495 -0.851930 -0.505009 0.057117 -0.791007 0.211678 -0.574020 -0.555138 0.595925 0.478965 -0.644566 0.276270 0.000000 0.000000 0.000000 1.000000
-0.165029 -0.790085 -0.590365 0.074253 -0.835849 0.429784 -0.341529 -0.482218 0.523566 0.437094 -0.731319 0.330818 0.000000 0.000000 0.000000 1.000000
-0.415528 -0.597808 -0.685537 0.111192 -0.819493 0.573081 -0.003019 -0.475167 0.394673 0.560539 -0.728031 0.363581 0.000000 0.000000 0.000000 1.000000
0.960951 -0.026249 -0.275472 0.252647 -0.275120 -0.197511 -0.940903 -0.600512 -0.029711 0.979949 -0.197020 0.300445 0.000000 0.000000 0.000000 1.000000
0.962331 0.174926 0.208134 0.325294 0.244156 -0.219229 -0.944630 -0.576536 -0.119611 0.959864 -0.253680 0.282310 0.000000 0.000000 0.000000 1.000000
