0.638533 -0.093380 0.763908 -0.067901 0.766735 0.162664 -0.621013 -0.739446 -0.066271 0.982253 0.175464 0.363529 0.000000 0.000000 0.000000 1.000000
0.638552 -0.093383 0.763892 -0.057916 0.766719 0.162676 -0.621030 -0.739453 -0.066273 0.982251 0.175476 0.363517 0.000000 0.000000 0.000000 1.000000
0.638566 -0.093372 0.763882 -0.047924 0.766706 0.162702 -0.621039 -0.739461 -0.066298 0.982247 0.175485 0.363535 0.000000 0.000000 0.000000 1.000000
0.638575 -0.093369 0.763875 -0.037928 0.766698 0.162718 -0.621046 -0.739464 -0.066309 0.982245 0.175493 0.363520 0.000000 0.000000 0.000000 1.000000
0.638563 -0.093369 0.763885 -0.027923 0.766709 0.162698 -0.621037 -0.739458 -0.066297 0.982248 0.175479 0.363520 0.000000 0.000000 0.000000 1.000000
0.638531 -0.093374 0.763911 -0.017914 0.766738 0.162651 -0.621013 -0.739456 -0.066264 0.982256 0.175451 0.363517 0.000000 0.000000 0.000000 1.000000
0.638543 -0.093374 0.763900 -0.007909 0.766726 0.162676 -0.621021 -0.739453 -0.066281 0.982251 0.175468 0.363507 0.000000 0.000000 0.000000 1.000000
0.638569 -0.093374 0.763878 0.002079 0.766704 0.162687 -0.621045 -0.739454 -0.066283 0.982250 0.175477 0.363520 0.000000 0.000000 0.000000 1.000000
0.638549 -0.093393 0.763893 0.012090 0.766725 0.162652 -0.621030 -0.739456 -0.066249 0.982254 0.175468 0.363506 0.000000 0.000000 0.000000 1.000000
0.638540 -0.093370 0.763904 0.022085 0.766731 0.162645 -0.621023 -0.739443 -0.066261 0.982257 0.175445 0.363501 0.000000 0.000000 0.000000 1.000000
0.638571 -0.093377 0.763877 0.032084 0.766701 0.162723 -0.621040 -0.739463 -0.066310 0.982243 0.175503 0.363540 0.000000 0.000000 0.000000 1.000000
0.638543 -0.093377 0.763900 -0.067910 0.766728 0.162658 -0.621024 -0.689455 -0.066265 0.982254 0.175459 0.363516 0.000000 0.000000 0.000000 1.000000
0.638569 -0.093361 0.763881 -0.057934 0.766703 0.162706 -0.621042 -0.689455 -0.066307 0.982248 0.175479 0.363533 0.000000 0.000000 0.000000 1.000000
0.638572 -0.093389 0.763875 -0.047922 0.766703 0.162686 -0.621047 -0.689456 -0.066273 0.982248 0.175488 0.363534 0.000000 0.000000 0.000000 1.000000
0.638553 -0.093364 0.763893 -0.037915 0.766715 0.162723 -0.621023 -0.689462 -0.066322 0.982245 0.175491 0.363533 0.000000 0.000000 0.000000 1.000000
0.638577 -0.093399 0.763869 -0.027926 0.766701 0.162667 -0.621055 -0.689454 -0.066251 0.982250 0.175484 0.363519 0.000000 0.000000 0.000000 1.000000
0.638561 -0.093387 0.763884 -0.017921 0.766713 0.162667 -0.621040 -0.689460 -0.066262 0.982252 0.175474 0.363514 0.000000 0.000000 0.000000 1.000000
0.638578 -0.093385 0.763870 -0.007937 0.766697 0.162700 -0.621051 -0.689468 -0.066285 0.982246 0.175495 0.363538 0.000000 0.000000 0.000000 1.000000
0.638538 -0.093375 0.763905 0.002093 0.766730 0.162689 -0.621013 -0.689454 -0.066291 0.982249 0.175477 0.363521 0.000000 0.000000 0.000000 1.000000
0.638555 -0.093381 0.763889 0.012083 0.766717 0.162676 -0.621033 -0.689457 -0.066274 0.982251 0.175474 0.363520 0.000000 0.000000 0.000000 1.000000
0.638575 -0.093392 0.763872 0.022079 0.766703 0.162665 -0.621053 -0.689448 -0.066254 0.982251 0.175478 0.363510 0.000000 0.000000 0.000000 1.000000
0.638548 -0.093396 0.763893 0.032087 0.766724 0.162674 -0.621025 -0.689464 -0.066264 0.982250 0.175484 0.363525 0.000000 0.000000 0.000000 1.000000
0.638570 -0.093373 0.763878 -0.067927 0.766705 0.162677 -0.621048 -0.639446 -0.066276 0.982251 0.175470 0.363512 0.000000 0.000000 0.000000 1.000000
0.638549 -0.093366 0.763896 -0.057912 0.766719 0.162707 -0.621022 -0.639458 -0.066309 0.982247 0.175482 0.363533 0.000000 0.000000 0.000000 1.000000
0.638572 -0.093405 0.763872 -0.047914 0.766703 0.162689 -0.621046 -0.639453 -0.066265 0.982246 0.175502 0.363527 0.000000 0.000000 0.000000 1.000000
0.638566 -0.093374 0.763881 -0.037932 0.766707 0.162689 -0.621042 -0.639464 -0.066286 0.982249 0.175479 0.363532 0.000000 0.000000 0.000000 1.000000
0.638560 -0.093360 0.763888 -0.027932 0.766710 0.162705 -0.621034 -0.639463 -0.066309 0.982248 0.175477 0.363546 0.000000 0.000000 0.000000 1.000000
0.638578 -0.093371 0.763872 -0.017933 0.766696 0.162712 -0.621050 -0.639464 -0.066303 0.982246 0.175491 0.363533 0.000000 0.000000 0.000000 1.000000
0.638529 -0.093353 0.763915 -0.007910 0.766736 0.162695 -0.621005 -0.639460 -0.066313 0.982250 0.175463 0.363523 0.000000 0.000000 0.000000 1.000000
0.638566 -0.093379 0.763881 0.002071 0.766707 0.162690 -0.621041 -0.639462 -0.066283 0.982249 0.175482 0.363530 0.000000 0.000000 0.000000 1.000000
0.638574 -0.093363 0.763876 0.012070 0.766699 0.162710 -0.621046 -0.639462 -0.066307 0.982247 0.175483 0.363534 0.000000 0.000000 0.000000 1.000000
0.638556 -0.093378 0.763889 0.022084 0.766714 0.162702 -0.621029 -0.639459 -0.066296 0.982247 0.175489 0.363540 0.000000 0.000000 0.000000 1.000000
0.638572 -0.093386 0.763875 0.032075 0.766703 0.162688 -0.621046 -0.639462 -0.066277 0.982248 0.175488 0.363530 0.000000 0.000000 0.000000 1.000000
0.638546 -0.093368 0.763899 -0.067912 0.766725 0.162662 -0.621027 -0.589454 -0.066273 0.982254 0.175455 0.363520 0.000000 0.000000 0.000000 1.000000
0.638551 -0.093381 0.763893 -0.057911 0.766722 0.162653 -0.621032 -0.589445 -0.066257 0.982255 0.175460 0.363508 0.000000 0.000000 0.000000 1.000000
0.638561 -0.093386 0.763884 -0.047920 0.766713 0.162670 -0.621040 -0.589455 -0.066265 0.982251 0.175475 0.363511 0.000000 0.000000 0.000000 1.000000
0.638565 -0.093394 0.763880 -0.037917 0.766709 0.162694 -0.621038 -0.589455 -0.066277 0.982247 0.175497 0.363526 0.000000 0.000000 0.000000 1.000000
0.638551 -0.093377 0.763894 -0.027918 0.766719 0.162697 -0.621025 -0.589462 -0.066294 0.982248 0.175484 0.363538 0.000000 0.000000 0.000000 1.000000
0.638559 -0.093377 0.763887 -0.017915 0.766711 0.162704 -0.621032 -0.589458 -0.066298 0.982246 0.175489 0.363522 0.000000 0.000000 0.000000 1.000000
0.638568 -0.093391 0.763878 -0.007922 0.766708 0.162665 -0.621047 -0.589457 -0.066256 0.982252 0.175476 0.363511 0.000000 0.000000 0.000000 1.000000
0.638549 -0.093385 0.763894 0.002082 0.766724 0.162653 -0.621030 -0.589455 -0.066254 0.982254 0.175462 0.363512 0.000000 0.000000 0.000000 1.000000
0.638561 -0.093371 0.763886 0.012061 0.766712 0.162679 -0.621038 -0.589463 -0.066282 0.982251 0.175469 0.363528 0.000000 0.000000 0.000000 1.000000
0.638572 -0.093364 0.763878 0.022070 0.766701 0.162694 -0.621047 -0.589454 -0.066295 0.982249 0.175474 0.363514 0.000000 0.000000 0.000000 1.000000
0.638608 -0.093387 0.763844 0.032067 0.766672 0.162704 -0.621081 -0.589449 -0.066280 0.982245 0.175502 0.363521 0.000000 0.000000 0.000000 1.000000
0.638559 -0.093397 0.763884 -0.067918 0.766715 0.162679 -0.621035 -0.539456 -0.066265 0.982249 0.175489 0.363517 0.000000 0.000000 0.000000 1.000000
0.638577 -0.093384 0.763871 -0.057935 0.766700 0.162660 -0.621058 -0.539456 -0.066254 0.982253 0.175468 0.363509 0.000000 0.000000 0.000000 1.000000
0.638561 -0.093358 0.763887 -0.047926 0.766711 0.162678 -0.621040 -0.539460 -0.066288 0.982253 0.175459 0.363519 0.000000 0.000000 0.000000 1.000000
0.638562 -0.093367 0.763886 -0.037927 0.766709 0.162703 -0.621035 -0.539461 -0.066302 0.982248 0.175481 0.363532 0.000000 0.000000 0.000000 1.000000
0.638591 -0.093369 0.763861 -0.027943 0.766686 0.162701 -0.621065 -0.539456 -0.066292 0.982248 0.175484 0.363525 0.000000 0.000000 0.000000 1.000000
0.638543 -0.093383 0.763899 -0.017912 0.766728 0.162654 -0.621024 -0.539453 -0.066258 0.982254 0.175460 0.363508 0.000000 0.000000 0.000000 1.000000
0.638569 -0.093374 0.763879 -0.007924 0.766704 0.162704 -0.621042 -0.539454 -0.066297 0.982247 0.175488 0.363530 0.000000 0.000000 0.000000 1.000000
0.638571 -0.093388 0.763876 0.002072 0.766706 0.162659 -0.621051 -0.539451 -0.066253 0.982253 0.175470 0.363509 0.000000 0.000000 0.000000 1.000000
0.638558 -0.093377 0.763888 0.012086 0.766712 0.162713 -0.621029 -0.539456 -0.066305 0.982245 0.175495 0.363528 0.000000 0.000000 0.000000 1.000000
0.638557 -0.093388 0.763887 0.022080 0.766715 0.162686 -0.621032 -0.539465 -0.066277 0.982248 0.175486 0.363516 0.000000 0.000000 0.000000 1.000000
0.638566 -0.093368 0.763882 0.032070 0.766707 0.162684 -0.621043 -0.539458 -0.066286 0.982251 0.175470 0.363525 0.000000 0.000000 0.000000 1.000000
