0.999863 0.006473 -0.015209 0.219654 -0.012834 -0.275884 -0.961105 -0.571164 -0.010418 0.961169 -0.275764 0.266837 0.000000 0.000000 0.000000 1.000000
0.999864 0.006490 -0.015139 0.219688 -0.012761 -0.275896 -0.961103 -0.571147 -0.010415 0.961166 -0.275776 0.266821 0.000000 0.000000 0.000000 1.000000
0.999863 0.006487 -0.015203 0.219665 -0.012824 -0.275880 -0.961106 -0.571161 -0.010428 0.961170 -0.275759 0.266830 0.000000 0.000000 0.000000 1.000000
0.999624 -0.010343 -0.025396 0.195251 -0.027142 -0.241361 -0.970056 -0.602692 0.003903 0.970380 -0.241551 0.286021 0.000000 0.000000 0.000000 1.000000
0.999625 -0.010319 -0.025362 0.195265 -0.027104 -0.241352 -0.970059 -0.602696 0.003889 0.970383 -0.241541 0.286033 0.000000 0.000000 0.000000 1.000000
0.999625 -0.010337 -0.025346 0.195268 -0.027092 -0.241322 -0.970067 -0.602714 0.003911 0.970390 -0.241512 0.286039 0.000000 0.000000 0.000000 1.000000
0.954544 -0.096672 -0.281959 0.165277 -0.296369 -0.206883 -0.932397 -0.598710 0.031804 0.973578 -0.226129 0.288005 0.000000 0.000000 0.000000 1.000000
0.954541 -0.096685 -0.281963 0.165284 -0.296377 -0.206895 -0.932392 -0.598686 0.031811 0.973574 -0.226145 0.287996 0.000000 0.000000 0.000000 1.000000
0.954540 -0.096672 -0.281971 0.165284 -0.296382 -0.206910 -0.932387 -0.598691 0.031793 0.973572 -0.226156 0.287990 0.000000 0.000000 0.000000 1.000000
0.814429 -0.278530 -0.509044 0.138109 -0.550118 -0.091544 -0.830054 -0.569046 0.184595 0.956055 -0.227780 0.272724 0.000000 0.000000 0.000000 1.000000
0.814437 -0.278507 -0.509045 0.138117 -0.550122 -0.091587 -0.830047 -0.569035 0.184552 0.956057 -0.227805 0.272718 0.000000 0.000000 0.000000 1.000000
0.814441 -0.278523 -0.509029 0.138110 -0.550113 -0.091610 -0.830050 -0.569045 0.184555 0.956051 -0.227830 0.272703 0.000000 0.000000 0.000000 1.000000
0.770641 -0.244976 -0.588302 0.146706 -0.626407 -0.121476 -0.769973 -0.523096 0.117161 0.961889 -0.247069 0.247388 0.000000 0.000000 0.000000 1.000000
0.770645 -0.244988 -0.588292 0.146709 -0.626398 -0.121457 -0.769983 -0.523099 0.117185 0.961888 -0.247060 0.247390 0.000000 0.000000 0.000000 1.000000
0.770624 -0.244987 -0.588319 0.146703 -0.626422 -0.121433 -0.769967 -0.523103 0.117190 0.961892 -0.247045 0.247402 0.000000 0.000000 0.000000 1.000000
0.680517 -0.516515 -0.519720 0.150727 -0.612321 -0.011310 -0.790529 -0.485711 0.402442 0.856204 -0.323969 0.211120 0.000000 0.000000 0.000000 1.000000
0.680524 -0.516532 -0.519694 0.150737 -0.612305 -0.011324 -0.790540 -0.485719 0.402454 0.856193 -0.323982 0.211121 0.000000 0.000000 0.000000 1.000000
0.680514 -0.516532 -0.519707 0.150733 -0.612305 -0.011292 -0.790541 -0.485719 0.402471 0.856194 -0.323960 0.211133 0.000000 0.000000 0.000000 1.000000
0.383111 -0.464838 -0.798218 0.158750 -0.723485 0.386248 -0.572172 -0.394060 0.574278 0.796704 -0.188328 0.210356 0.000000 0.000000 0.000000 1.000000
0.383110 -0.464833 -0.798221 0.158746 -0.723500 0.386233 -0.572165 -0.394071 0.574260 0.796715 -0.188336 0.210363 0.000000 0.000000 0.000000 1.000000
0.383103 -0.464870 -0.798203 0.158748 -0.723457 0.386273 -0.572192 -0.394075 0.574320 0.796673 -0.188331 0.210367 0.000000 0.000000 0.000000 1.000000
0.202310 -0.514574 -0.833237 0.168023 -0.544090 0.648376 -0.532517 -0.348714 0.814270 0.561090 -0.148802 0.202288 0.000000 0.000000 0.000000 1.000000
0.202312 -0.514568 -0.833240 0.168023 -0.544100 0.648372 -0.532511 -0.348701 0.814263 0.561100 -0.148803 0.202286 0.000000 0.000000 0.000000 1.000000
0.202325 -0.514573 -0.833234 0.168026 -0.544106 0.648360 -0.532521 -0.348701 0.814256 0.561110 -0.148803 0.202285 0.000000 0.000000 0.000000 1.000000
0.955303 0.029755 -0.294126 0.282920 -0.280914 -0.218599 -0.934506 -0.485784 -0.092102 0.975361 -0.200470 0.234464 0.000000 0.000000 0.000000 1.000000
0.955292 0.029769 -0.294163 0.282910 -0.280946 -0.218616 -0.934493 -0.485788 -0.092127 0.975357 -0.200478 0.234456 0.000000 0.000000 0.000000 1.000000
0.955291 0.029779 -0.294164 0.282914 -0.280944 -0.218627 -0.934491 -0.485798 -0.092140 0.975354 -0.200486 0.234467 0.000000 0.000000 0.000000 1.000000
0.962651 0.008096 -0.270623 0.297410 -0.265029 -0.176106 -0.948022 -0.562753 -0.055333 0.984338 -0.167383 0.247309 0.000000 0.000000 0.000000 1.000000
0.962647 0.008083 -0.270638 0.297388 -0.265045 -0.176128 -0.948014 -0.562744 -0.055330 0.984334 -0.167406 0.247302 0.000000 0.000000 0.000000 1.000000
0.962642 0.008062 -0.270656 0.297389 -0.265068 -0.176101 -0.948012 -0.562752 -0.055305 0.984339 -0.167385 0.247310 0.000000 0.000000 0.000000 1.000000
0.934767 -0.003661 -0.355244 0.264023 -0.351055 -0.162955 -0.922066 -0.582681 -0.054513 0.986627 -0.153610 0.253519 0.000000 0.000000 0.000000 1.000000
0.934761 -0.003689 -0.355259 0.264016 -0.351074 -0.162965 -0.922057 -0.582685 -0.054493 0.986625 -0.153629 0.253510 0.000000 0.000000 0.000000 1.000000
0.934769 -0.003673 -0.355237 0.264033 -0.351050 -0.162960 -0.922067 -0.582685 -0.054502 0.986626 -0.153619 0.253518 0.000000 0.000000 0.000000 1.000000
0.687204 -0.165985 -0.707248 0.221377 -0.698311 0.117467 -0.706090 -0.576373 0.200279 0.979107 -0.035186 0.324075 0.000000 0.000000 0.000000 1.000000
0.687213 -0.166007 -0.707234 0.221390 -0.698290 0.117508 -0.706104 -0.576371 0.200324 0.979098 -0.035167 0.324103 0.000000 0.000000 0.000000 1.000000
0.687212 -0.166001 -0.707237 0.221386 -0.698295 0.117492 -0.706101 -0.576380 0.200308 0.979101 -0.035175 0.324085 0.000000 0.000000 0.000000 1.000000
0.570086 -0.132937 -0.810759 0.146341 -0.803887 0.113470 -0.583858 -0.572174 0.169614 0.984608 -0.042179 0.315679 0.000000 0.000000 0.000000 1.000000
0.570095 -0.132939 -0.810752 0.146351 -0.803871 0.113519 -0.583871 -0.572192 0.169655 0.984602 -0.042150 0.315712 0.000000 0.000000 0.000000 1.000000
0.570085 -0.132942 -0.810759 0.146336 -0.803877 0.113523 -0.583861 -0.572198 0.169659 0.984601 -0.042151 0.315712 0.000000 0.000000 0.000000 1.000000
0.562575 -0.345389 -0.751143 0.061827 -0.753704 0.159121 -0.637660 -0.505171 0.339764 0.924871 -0.170804 0.320701 0.000000 0.000000 0.000000 1.000000
0.562579 -0.345373 -0.751147 0.061835 -0.753702 0.159130 -0.637660 -0.505176 0.339761 0.924876 -0.170786 0.320710 0.000000 0.000000 0.000000 1.000000
0.562572 -0.345372 -0.751153 0.061817 -0.753718 0.159107 -0.637648 -0.505180 0.339739 0.924880 -0.170804 0.320702 0.000000 0.000000 0.000000 1.000000
0.428884 -0.381696 -0.818760 0.112542 -0.758405 0.340282 -0.555904 -0.387469 0.490795 0.859370 -0.143539 0.296736 0.000000 0.000000 0.000000 1.000000
0.428876 -0.381690 -0.818766 0.112543 -0.758402 0.340300 -0.555897 -0.387489 0.490807 0.859365 -0.143528 0.296743 0.000000 0.000000 0.000000 1.000000
0.428885 -0.381692 -0.818760 0.112543 -0.758423 0.340252 -0.555899 -0.387476 0.490767 0.859383 -0.143555 0.296736 0.000000 0.000000 0.000000 1.000000
0.395784 -0.493754 -0.774314 0.156641 -0.614171 0.484543 -0.622905 -0.399591 0.682751 0.722097 -0.111475 0.321737 0.000000 0.000000 0.000000 1.000000
0.395779 -0.493742 -0.774324 0.156638 -0.614187 0.484540 -0.622892 -0.399578 0.682739 0.722108 -0.111479 0.321724 0.000000 0.000000 0.000000 1.000000
0.395808 -0.493750 -0.774304 0.156647 -0.614185 0.484512 -0.622916 -0.399578 0.682725 0.722121 -0.111480 0.321729 0.000000 0.000000 0.000000 1.000000
0.836087 -0.209971 -0.506825 0.252492 -0.486287 0.143980 -0.861855 -0.415223 0.253937 0.967048 0.018274 0.334432 0.000000 0.000000 0.000000 1.000000
0.836108 -0.209950 -0.506798 0.252501 -0.486276 0.143916 -0.861872 -0.415207 0.253887 0.967062 0.018236 0.334413 0.000000 0.000000 0.000000 1.000000
0.836094 -0.209982 -0.506808 0.252500 -0.486266 0.143996 -0.861865 -0.415224 0.253954 0.967043 0.018287 0.334437 0.000000 0.000000 0.000000 1.000000
0.905374 0.131358 -0.403786 0.294168 -0.412906 0.050580 -0.909368 -0.533438 -0.099030 0.990044 0.100032 0.401746 0.000000 0.000000 0.000000 1.000000
0.905396 0.131323 -0.403747 0.294182 -0.412867 0.050617 -0.909384 -0.533429 -0.098987 0.990047 0.100047 0.401744 0.000000 0.000000 0.000000 1.000000
0.905389 0.131334 -0.403761 0.294174 -0.412879 0.050587 -0.909380 -0.533436 -0.099008 0.990047 0.100026 0.401726 0.000000 0.000000 0.000000 1.000000
0.747218 -0.140647 -0.649526 0.172923 -0.663285 -0.096853 -0.742073 -0.587469 0.041462 0.985311 -0.165659 0.393967 0.000000 0.000000 0.000000 1.000000
0.747226 -0.140633 -0.649520 0.172927 -0.663276 -0.096864 -0.742079 -0.587459 0.041446 0.985312 -0.165657 0.393970 0.000000 0.000000 0.000000 1.000000
0.747230 -0.140623 -0.649517 0.172930 -0.663272 -0.096859 -0.742084 -0.587463 0.041443 0.985314 -0.165647 0.393979 0.000000 0.000000 0.000000 1.000000
0.506524 -0.108086 -0.855424 0.108747 -0.858910 0.023667 -0.511579 -0.602137 0.075540 0.993860 -0.080848 0.439180 0.000000 0.000000 0.000000 1.000000
0.506519 -0.108097 -0.855426 0.108743 -0.858911 0.023699 -0.511577 -0.602147 0.075572 0.993858 -0.080842 0.439197 0.000000 0.000000 0.000000 1.000000
0.506563 -0.108092 -0.855400 0.108760 -0.858887 0.023666 -0.511618 -0.602137 0.075546 0.993859 -0.080850 0.439178 0.000000 0.000000 0.000000 1.000000
0.436827 -0.333915 -0.835274 0.107021 -0.817977 0.238914 -0.523291 -0.520133 0.374294 0.911823 -0.168771 0.370533 0.000000 0.000000 0.000000 1.000000
0.436846 -0.333921 -0.835262 0.107032 -0.817965 0.238911 -0.523311 -0.520135 0.374298 0.911822 -0.168768 0.370539 0.000000 0.000000 0.000000 1.000000
0.436827 -0.333909 -0.835277 0.107026 -0.817982 0.238904 -0.523287 -0.520128 0.374281 0.911828 -0.168771 0.370537 0.000000 0.000000 0.000000 1.000000
0.377049 -0.488536 -0.786871 0.100098 -0.692971 0.414876 -0.589634 -0.351184 0.614512 0.767600 -0.182113 0.357312 0.000000 0.000000 0.000000 1.000000
0.377064 -0.488527 -0.786870 0.100098 -0.693008 0.414823 -0.589629 -0.351171 0.614461 0.767635 -0.182138 0.357297 0.000000 0.000000 0.000000 1.000000
0.377028 -0.488506 -0.786900 0.100090 -0.693017 0.414861 -0.589591 -0.351180 0.614473 0.767628 -0.182129 0.357301 0.000000 0.000000 0.000000 1.000000
0.423017 -0.403818 -0.811164 0.085338 -0.775652 0.301404 -0.554544 -0.387896 0.468423 0.863763 -0.185723 0.452832 0.000000 0.000000 0.000000 1.000000
0.422993 -0.403821 -0.811176 0.085336 -0.775663 0.301413 -0.554524 -0.387898 0.468427 0.863759 -0.185733 0.452828 0.000000 0.000000 0.000000 1.000000
0.422996 -0.403833 -0.811168 0.085331 -0.775666 0.301395 -0.554530 -0.387900 0.468419 0.863759 -0.185751 0.452825 0.000000 0.000000 0.000000 1.000000
0.674016 -0.437476 -0.595246 0.140433 -0.602356 0.140980 -0.785679 -0.443823 0.427634 0.888110 -0.168493 0.480335 0.000000 0.000000 0.000000 1.000000
0.673975 -0.437464 -0.595301 0.140415 -0.602394 0.141028 -0.785642 -0.443839 0.427644 0.888109 -0.168476 0.480346 0.000000 0.000000 0.000000 1.000000
0.674002 -0.437484 -0.595256 0.140435 -0.602361 0.140995 -0.785672 -0.443833 0.427647 0.888104 -0.168492 0.480344 0.000000 0.000000 0.000000 1.000000
0.999800 -0.019199 -0.005590 0.225777 -0.006401 -0.042405 -0.999080 -0.559144 0.018944 0.998916 -0.042519 0.478079 0.000000 0.000000 0.000000 1.000000
0.999800 -0.019196 -0.005563 0.225786 -0.006374 -0.042451 -0.999078 -0.559131 0.018942 0.998914 -0.042565 0.478064 0.000000 0.000000 0.000000 1.000000
0.999801 -0.019171 -0.005587 0.225779 -0.006395 -0.042374 -0.999081 -0.559145 0.018917 0.998918 -0.042488 0.478097 0.000000 0.000000 0.000000 1.000000
0.989610 -0.111825 -0.090372 0.181445 -0.114670 -0.234690 -0.965283 -0.661975 0.086733 0.965617 -0.245074 0.394128 0.000000 0.000000 0.000000 1.000000
0.989604 -0.111846 -0.090413 0.181438 -0.114713 -0.234671 -0.965283 -0.661969 0.086745 0.965619 -0.245061 0.394113 0.000000 0.000000 0.000000 1.000000
0.989608 -0.111822 -0.090394 0.181440 -0.114691 -0.234687 -0.965281 -0.661968 0.086725 0.965618 -0.245073 0.394112 0.000000 0.000000 0.000000 1.000000
0.827409 -0.263814 -0.495779 0.116660 -0.535919 -0.107001 -0.837461 -0.657000 0.167886 0.958620 -0.229916 0.383016 0.000000 0.000000 0.000000 1.000000
0.827402 -0.263818 -0.495788 0.116653 -0.535937 -0.107044 -0.837445 -0.656998 0.167862 0.958614 -0.229958 0.383000 0.000000 0.000000 0.000000 1.000000
0.827402 -0.263799 -0.495799 0.116656 -0.535937 -0.107013 -0.837448 -0.656998 0.167861 0.958623 -0.229923 0.383020 0.000000 0.000000 0.000000 1.000000
0.686802 -0.335880 -0.644583 0.099271 -0.673519 0.039322 -0.738123 -0.605289 0.273267 0.941084 -0.199215 0.430537 0.000000 0.000000 0.000000 1.000000
0.686818 -0.335891 -0.644560 0.099286 -0.673491 0.039343 -0.738148 -0.605287 0.273297 0.941079 -0.199198 0.430554 0.000000 0.000000 0.000000 1.000000
0.686829 -0.335875 -0.644557 0.099284 -0.673486 0.039337 -0.738153 -0.605288 0.273282 0.941085 -0.199189 0.430549 0.000000 0.000000 0.000000 1.000000
0.890801 -0.314640 -0.327835 0.145509 -0.378834 -0.115855 -0.918184 -0.535094 0.250916 0.942114 -0.222400 0.338262 0.000000 0.000000 0.000000 1.000000
0.890812 -0.314626 -0.327817 0.145509 -0.378821 -0.115890 -0.918185 -0.535096 0.250894 0.942115 -0.222423 0.338255 0.000000 0.000000 0.000000 1.000000
0.890824 -0.314640 -0.327773 0.145524 -0.378780 -0.115891 -0.918202 -0.535093 0.250917 0.942110 -0.222418 0.338264 0.000000 0.000000 0.000000 1.000000
0.995232 -0.074049 0.063479 0.198418 0.047696 -0.198208 -0.978999 -0.548906 0.085076 0.977359 -0.193731 0.346831 0.000000 0.000000 0.000000 1.000000
0.995233 -0.074046 0.063476 0.198419 0.047695 -0.198192 -0.979002 -0.548902 0.085071 0.977362 -0.193716 0.346841 0.000000 0.000000 0.000000 1.000000
0.995234 -0.074031 0.063476 0.198418 0.047699 -0.198177 -0.979005 -0.548907 0.085056 0.977367 -0.193701 0.346857 0.000000 0.000000 0.000000 1.000000
