0.649178 0.135577 0.748456 0.047863 0.760122 -0.079431 -0.644908 -0.573453 -0.027985 0.987578 -0.154620 0.278546 0.000000 0.000000 0.000000 1.000000
0.649174 0.135588 0.748458 0.047851 0.760124 -0.079384 -0.644911 -0.573462 -0.028026 0.987580 -0.154598 0.278554 0.000000 0.000000 0.000000 1.000000
0.649203 0.135576 0.748435 0.047844 0.760100 -0.079426 -0.644934 -0.573460 -0.027993 0.987578 -0.154615 0.278550 0.000000 0.000000 0.000000 1.000000
0.526515 0.131915 0.839869 0.107454 0.849886 -0.107038 -0.515982 -0.653590 0.021832 0.985465 -0.168470 0.223986 0.000000 0.000000 0.000000 1.000000
0.526493 0.131886 0.839888 0.107455 0.849898 -0.107074 -0.515955 -0.653584 0.021883 0.985465 -0.168463 0.223978 0.000000 0.000000 0.000000 1.000000
0.526494 0.131898 0.839885 0.107454 0.849898 -0.107041 -0.515961 -0.653578 0.021848 0.985467 -0.168457 0.223968 0.000000 0.000000 0.000000 1.000000
0.422935 0.200310 0.883743 0.171467 0.893708 0.068917 -0.443325 -0.631278 -0.149707 0.977306 -0.149871 0.245936 0.000000 0.000000 0.000000 1.000000
0.422959 0.200330 0.883727 0.171458 0.893691 0.068942 -0.443356 -0.631277 -0.149744 0.977300 -0.149874 0.245939 0.000000 0.000000 0.000000 1.000000
0.422968 0.200325 0.883724 0.171457 0.893692 0.068906 -0.443359 -0.631278 -0.149710 0.977303 -0.149884 0.245932 0.000000 0.000000 0.000000 1.000000
0.628087 0.062925 0.775595 0.058491 0.774188 -0.150894 -0.614706 -0.613737 0.078352 0.986545 -0.143490 0.279551 0.000000 0.000000 0.000000 1.000000
0.628096 0.062951 0.775585 0.058490 0.774186 -0.150849 -0.614720 -0.613738 0.078299 0.986550 -0.143483 0.279569 0.000000 0.000000 0.000000 1.000000
0.628076 0.062938 0.775602 0.058482 0.774201 -0.150848 -0.614701 -0.613752 0.078310 0.986551 -0.143471 0.279567 0.000000 0.000000 0.000000 1.000000
0.603144 0.067698 0.794755 0.077982 0.793776 -0.148807 -0.589725 -0.611564 0.078342 0.986546 -0.143489 0.279549 0.000000 0.000000 0.000000 1.000000
0.603154 0.067704 0.794746 0.077983 0.793768 -0.148811 -0.589735 -0.611564 0.078339 0.986545 -0.143498 0.279547 0.000000 0.000000 0.000000 1.000000
0.603136 0.067689 0.794761 0.077988 0.793779 -0.148831 -0.589716 -0.611567 0.078367 0.986543 -0.143496 0.279547 0.000000 0.000000 0.000000 1.000000
0.698219 0.048491 0.714241 0.000423 0.711596 -0.156061 -0.685038 -0.616533 0.078247 0.986556 -0.143470 0.279598 0.000000 0.000000 0.000000 1.000000
0.698219 0.048472 0.714241 0.000431 0.711592 -0.156081 -0.685037 -0.616514 0.078274 0.986554 -0.143471 0.279600 0.000000 0.000000 0.000000 1.000000
0.698208 0.048507 0.714249 0.000429 0.711609 -0.156026 -0.685032 -0.616522 0.078212 0.986561 -0.143457 0.279607 0.000000 0.000000 0.000000 1.000000
0.640830 -0.228096 0.733014 -0.002550 0.649202 -0.348593 -0.676032 -0.680849 0.409724 0.909096 -0.075309 0.394870 0.000000 0.000000 0.000000 1.000000
0.640821 -0.228078 0.733027 -0.002545 0.649223 -0.348581 -0.676018 -0.680845 0.409705 0.909105 -0.075304 0.394868 0.000000 0.000000 0.000000 1.000000
0.640810 -0.228100 0.733030 -0.002546 0.649212 -0.348608 -0.676015 -0.680846 0.409739 0.909089 -0.075306 0.394864 0.000000 0.000000 0.000000 1.000000
0.673800 -0.093308 0.732999 -0.002607 0.706560 -0.208965 -0.676097 -0.680983 0.216256 0.973462 -0.074873 0.395222 0.000000 0.000000 0.000000 1.000000
0.673822 -0.093294 0.732980 -0.002608 0.706544 -0.208956 -0.676116 -0.680980 0.216239 0.973465 -0.074883 0.395211 0.000000 0.000000 0.000000 1.000000
0.673799 -0.093299 0.733001 -0.002605 0.706565 -0.208957 -0.676094 -0.680983 0.216244 0.973464 -0.074874 0.395218 0.000000 0.000000 0.000000 1.000000
0.576086 -0.189086 0.795218 0.039519 0.683106 -0.422892 -0.595423 -0.690004 0.448877 0.886233 -0.114457 0.387841 0.000000 0.000000 0.000000 1.000000
0.576062 -0.189060 0.795241 0.039535 0.683139 -0.422883 -0.595392 -0.690013 0.448859 0.886243 -0.114453 0.387839 0.000000 0.000000 0.000000 1.000000
0.576080 -0.189089 0.795221 0.039527 0.683095 -0.422921 -0.595416 -0.690010 0.448902 0.886219 -0.114470 0.387836 0.000000 0.000000 0.000000 1.000000
0.575835 0.223696 0.786368 0.086412 0.806200 0.004459 -0.591626 -0.519878 -0.135851 0.974649 -0.177776 0.290382 0.000000 0.000000 0.000000 1.000000
0.575797 0.223683 0.786400 0.086425 0.806229 0.004469 -0.591587 -0.519886 -0.135842 0.974652 -0.177766 0.290374 0.000000 0.000000 0.000000 1.000000
0.575830 0.223700 0.786370 0.086419 0.806207 0.004434 -0.591617 -0.519881 -0.135831 0.974648 -0.177795 0.290366 0.000000 0.000000 0.000000 1.000000
0.513329 0.339273 0.788281 0.093423 0.792619 0.164717 -0.587047 -0.503289 -0.329012 0.926155 -0.184360 0.280350 0.000000 0.000000 0.000000 1.000000
0.513292 0.339260 0.788311 0.093437 0.792641 0.164742 -0.587010 -0.503293 -0.329017 0.926155 -0.184351 0.280351 0.000000 0.000000 0.000000 1.000000
0.513307 0.339263 0.788300 0.093433 0.792635 0.164724 -0.587022 -0.503288 -0.329007 0.926157 -0.184358 0.280341 0.000000 0.000000 0.000000 1.000000
0.615905 0.148559 0.773687 0.043362 0.787820 -0.116122 -0.604859 -0.590846 -0.000015 0.982062 -0.188558 0.302784 0.000000 0.000000 0.000000 1.000000
0.615910 0.148565 0.773682 0.043345 0.787816 -0.116089 -0.604871 -0.590866 -0.000047 0.982065 -0.188542 0.302791 0.000000 0.000000 0.000000 1.000000
0.615896 0.148564 0.773693 0.043366 0.787828 -0.116091 -0.604856 -0.590843 -0.000040 0.982065 -0.188543 0.302785 0.000000 0.000000 0.000000 1.000000
0.526660 0.160288 0.834828 0.107277 0.850076 -0.099253 -0.517223 -0.582678 -0.000045 0.982068 -0.188529 0.302783 0.000000 0.000000 0.000000 1.000000
0.526662 0.160313 0.834822 0.107284 0.850075 -0.099235 -0.517228 -0.582674 -0.000075 0.982065 -0.188541 0.302788 0.000000 0.000000 0.000000 1.000000
0.526646 0.160305 0.834833 0.107291 0.850085 -0.099244 -0.517210 -0.582686 -0.000059 0.982066 -0.188539 0.302793 0.000000 0.000000 0.000000 1.000000
0.320527 0.312491 0.894210 0.185740 0.879005 0.253681 -0.403728 -0.563248 -0.353006 0.915421 -0.193370 0.302317 0.000000 0.000000 0.000000 1.000000
0.320493 0.312487 0.894224 0.185753 0.879003 0.253726 -0.403703 -0.563248 -0.353040 0.915410 -0.193360 0.302335 0.000000 0.000000 0.000000 1.000000
0.320475 0.312482 0.894232 0.185759 0.879006 0.253744 -0.403687 -0.563250 -0.353051 0.915407 -0.193355 0.302318 0.000000 0.000000 0.000000 1.000000
0.254891 0.293015 0.921506 0.226704 0.900062 0.276433 -0.336859 -0.548265 -0.353439 0.915274 -0.193271 0.302488 0.000000 0.000000 0.000000 1.000000
0.254917 0.293000 0.921503 0.226682 0.900077 0.276374 -0.336866 -0.548249 -0.353381 0.915297 -0.193271 0.302477 0.000000 0.000000 0.000000 1.000000
0.254873 0.292993 0.921518 0.226706 0.900070 0.276437 -0.336833 -0.548260 -0.353432 0.915280 -0.193258 0.302493 0.000000 0.000000 0.000000 1.000000
0.175955 0.460148 0.870232 0.216408 0.808857 0.436272 -0.394230 -0.553963 -0.561062 0.773260 -0.295430 0.237111 0.000000 0.000000 0.000000 1.000000
0.175934 0.460120 0.870251 0.216424 0.808899 0.436240 -0.394180 -0.553942 -0.561008 0.773294 -0.295441 0.237095 0.000000 0.000000 0.000000 1.000000
0.175926 0.460126 0.870249 0.216433 0.808884 0.436263 -0.394186 -0.553942 -0.561032 0.773278 -0.295438 0.237113 0.000000 0.000000 0.000000 1.000000
0.389912 0.408567 0.825253 0.158726 0.863350 0.149530 -0.481941 -0.572436 -0.320306 0.900396 -0.294433 0.239512 0.000000 0.000000 0.000000 1.000000
0.389935 0.408547 0.825252 0.158730 0.863365 0.149461 -0.481936 -0.572427 -0.320236 0.900417 -0.294445 0.239506 0.000000 0.000000 0.000000 1.000000
0.389942 0.408568 0.825238 0.158716 0.863345 0.149494 -0.481961 -0.572433 -0.320283 0.900402 -0.294441 0.239508 0.000000 0.000000 0.000000 1.000000
0.445211 0.421991 0.789754 0.117539 0.829877 0.136787 -0.540919 -0.590517 -0.336291 0.896221 -0.289302 0.245672 0.000000 0.000000 0.000000 1.000000
0.445211 0.421976 0.789762 0.117541 0.829881 0.136787 -0.540913 -0.590511 -0.336282 0.896229 -0.289290 0.245691 0.000000 0.000000 0.000000 1.000000
0.445228 0.421999 0.789739 0.117528 0.829859 0.136797 -0.540944 -0.590511 -0.336312 0.896216 -0.289294 0.245686 0.000000 0.000000 0.000000 1.000000
0.522352 0.306067 0.795909 0.133783 0.837402 -0.007943 -0.546529 -0.579340 -0.160953 0.951977 -0.260450 0.294809 0.000000 0.000000 0.000000 1.000000
0.522369 0.306065 0.795899 0.133770 0.837388 -0.007928 -0.546551 -0.579358 -0.160970 0.951978 -0.260437 0.294825 0.000000 0.000000 0.000000 1.000000
0.522334 0.306074 0.795918 0.133794 0.837409 -0.007915 -0.546519 -0.579347 -0.160975 0.951975 -0.260444 0.294816 0.000000 0.000000 0.000000 1.000000
0.405154 0.304361 0.862099 0.210383 0.899990 0.033111 -0.434651 -0.556127 -0.160836 0.951981 -0.260507 0.294746 0.000000 0.000000 0.000000 1.000000
0.405167 0.304372 0.862089 0.210378 0.899973 0.033166 -0.434682 -0.556143 -0.160897 0.951976 -0.260489 0.294760 0.000000 0.000000 0.000000 1.000000
0.405158 0.304343 0.862103 0.210373 0.899985 0.033136 -0.434659 -0.556138 -0.160852 0.951986 -0.260479 0.294756 0.000000 0.000000 0.000000 1.000000
0.621598 -0.050288 0.781721 0.102621 0.711242 -0.381951 -0.590126 -0.685653 0.328255 0.922813 -0.201653 0.412276 0.000000 0.000000 0.000000 1.000000
0.621575 -0.050296 0.781739 0.102644 0.711233 -0.382017 -0.590093 -0.685635 0.328317 0.922785 -0.201680 0.412257 0.000000 0.000000 0.000000 1.000000
0.621561 -0.050297 0.781749 0.102633 0.711252 -0.381991 -0.590087 -0.685645 0.328301 0.922796 -0.201658 0.412276 0.000000 0.000000 0.000000 1.000000
0.617423 0.086314 0.781882 0.102754 0.777563 -0.217455 -0.590007 -0.685688 0.119099 0.972246 -0.201376 0.412272 0.000000 0.000000 0.000000 1.000000
0.617423 0.086294 0.781884 0.102758 0.777553 -0.217520 -0.589996 -0.685688 0.119163 0.972234 -0.201400 0.412246 0.000000 0.000000 0.000000 1.000000
0.617455 0.086314 0.781856 0.102752 0.777535 -0.217487 -0.590033 -0.685696 0.119115 0.972239 -0.201400 0.412269 0.000000 0.000000 0.000000 1.000000
0.621223 0.205813 0.756124 0.075113 0.783626 -0.158879 -0.600572 -0.642635 -0.003473 0.965608 -0.259980 0.238344 0.000000 0.000000 0.000000 1.000000
0.621213 0.205830 0.756127 0.075123 0.783634 -0.158855 -0.600568 -0.642633 -0.003500 0.965608 -0.259978 0.238353 0.000000 0.000000 0.000000 1.000000
0.621218 0.205826 0.756125 0.075119 0.783630 -0.158856 -0.600574 -0.642638 -0.003499 0.965609 -0.259975 0.238347 0.000000 0.000000 0.000000 1.000000
0.636040 0.202989 0.744479 0.062828 0.771645 -0.162171 -0.615032 -0.644062 -0.004112 0.965658 -0.259783 0.238669 0.000000 0.000000 0.000000 1.000000
0.636025 0.202974 0.744496 0.062835 0.771658 -0.162181 -0.615014 -0.644045 -0.004089 0.965660 -0.259777 0.238657 0.000000 0.000000 0.000000 1.000000
0.636024 0.202970 0.744497 0.062835 0.771658 -0.162195 -0.615009 -0.644045 -0.004074 0.965658 -0.259783 0.238650 0.000000 0.000000 0.000000 1.000000
0.582511 0.213448 0.784296 0.106144 0.812813 -0.148148 -0.563372 -0.638333 -0.004059 0.965656 -0.259791 0.238639 0.000000 0.000000 0.000000 1.000000
0.582525 0.213438 0.784288 0.106132 0.812802 -0.148164 -0.563382 -0.638334 -0.004044 0.965656 -0.259792 0.238641 0.000000 0.000000 0.000000 1.000000
0.582550 0.213424 0.784274 0.106130 0.812785 -0.148199 -0.563398 -0.638336 -0.004015 0.965654 -0.259801 0.238638 0.000000 0.000000 0.000000 1.000000
0.580233 0.239968 0.778297 0.109513 0.808345 -0.052881 -0.586330 -0.626651 -0.099543 0.969340 -0.224660 0.210998 0.000000 0.000000 0.000000 1.000000
0.580254 0.239951 0.778286 0.109496 0.808335 -0.052934 -0.586338 -0.626645 -0.099494 0.969341 -0.224676 0.210994 0.000000 0.000000 0.000000 1.000000
0.580265 0.239980 0.778269 0.109500 0.808321 -0.052896 -0.586361 -0.626651 -0.099548 0.969336 -0.224674 0.211002 0.000000 0.000000 0.000000 1.000000
0.609573 0.224291 0.760338 0.095118 0.790700 -0.103432 -0.603403 -0.606002 -0.056694 0.969018 -0.240396 0.194883 0.000000 0.000000 0.000000 1.000000
0.609570 0.224293 0.760340 0.095114 0.790703 -0.103434 -0.603399 -0.605995 -0.056693 0.969017 -0.240399 0.194870 0.000000 0.000000 0.000000 1.000000
0.609545 0.224299 0.760358 0.095130 0.790721 -0.103416 -0.603378 -0.605999 -0.056704 0.969017 -0.240395 0.194875 0.000000 0.000000 0.000000 1.000000
0.514504 0.302373 0.802407 0.137824 0.831724 0.051683 -0.552778 -0.612377 -0.208616 0.951788 -0.224899 0.213726 0.000000 0.000000 0.000000 1.000000
0.514524 0.302381 0.802391 0.137819 0.831712 0.051672 -0.552798 -0.612385 -0.208617 0.951786 -0.224907 0.213738 0.000000 0.000000 0.000000 1.000000
0.514485 0.302359 0.802424 0.137834 0.831737 0.051692 -0.552758 -0.612375 -0.208610 0.951791 -0.224889 0.213725 0.000000 0.000000 0.000000 1.000000
0.437417 0.299451 0.847936 0.196966 0.845468 0.184281 -0.501223 -0.590963 -0.306350 0.936146 -0.172568 0.293311 0.000000 0.000000 0.000000 1.000000
0.437426 0.299466 0.847926 0.196964 0.845459 0.184284 -0.501237 -0.590957 -0.306363 0.936141 -0.172576 0.293314 0.000000 0.000000 0.000000 1.000000
0.437422 0.299450 0.847934 0.196959 0.845465 0.184283 -0.501228 -0.590963 -0.306352 0.936146 -0.172565 0.293318 0.000000 0.000000 0.000000 1.000000
0.571840 0.173187 0.801876 0.145600 0.818484 -0.054288 -0.571959 -0.605621 -0.055523 0.983392 -0.172795 0.293293 0.000000 0.000000 0.000000 1.000000
0.571861 0.173190 0.801861 0.145600 0.818471 -0.054323 -0.571974 -0.605623 -0.055501 0.983389 -0.172817 0.293286 0.000000 0.000000 0.000000 1.000000
0.571865 0.173207 0.801854 0.145600 0.818465 -0.054270 -0.571988 -0.605623 -0.055555 0.983389 -0.172799 0.293303 0.000000 0.000000 0.000000 1.000000
