camera_matrix:
- 784.6859165042484
- 0.0
- 781.9402646731271
- 0.0
- 784.6258079974971
- 582.2589959238812
- 0.0
- 0.0
- 1.0
distortion_coefficients:
- -0.13138988365356988
- 0.4496234272934079
- 0.0006396260553203447
- 0.0008741941880310123
- -0.4554848534870714
image_size:
- 1600
- 1200
