-0.705670 0.353523 0.614045 0.086850 -0.684799 -0.117833 -0.719142 -0.516555 -0.181879 -0.927974 0.325244 0.224263 0.000000 0.000000 0.000000 1.000000
-0.705691 0.353521 0.614022 0.086846 -0.684777 -0.117841 -0.719162 -0.516544 -0.181882 -0.927974 0.325242 0.224261 0.000000 0.000000 0.000000 1.000000
-0.705678 0.353528 0.614033 0.086846 -0.684785 -0.117812 -0.719160 -0.516543 -0.181903 -0.927975 0.325228 0.224258 0.000000 0.000000 0.000000 1.000000
-0.826193 0.551610 0.114593 0.055529 -0.307873 -0.271707 -0.911806 -0.465624 -0.471826 -0.788607 0.394308 0.191133 0.000000 0.000000 0.000000 1.000000
-0.826181 0.551626 0.114601 0.055543 -0.307884 -0.271694 -0.911806 -0.465605 -0.471840 -0.788601 0.394305 0.191130 0.000000 0.000000 0.000000 1.000000
-0.826192 0.551612 0.114589 0.055531 -0.307861 -0.271691 -0.911814 -0.465616 -0.471835 -0.788611 0.394289 0.191131 0.000000 0.000000 0.000000 1.000000
-0.830640 0.556355 -0.022474 0.083635 -0.216298 -0.359600 -0.907691 -0.355563 -0.513081 -0.749104 0.419036 0.176598 0.000000 0.000000 0.000000 1.000000
-0.830636 0.556362 -0.022467 0.083633 -0.216294 -0.359577 -0.907701 -0.355572 -0.513089 -0.749110 0.419016 0.176594 0.000000 0.000000 0.000000 1.000000
-0.830641 0.556355 -0.022460 0.083636 -0.216305 -0.359588 -0.907694 -0.355562 -0.513077 -0.749110 0.419031 0.176597 0.000000 0.000000 0.000000 1.000000
-0.749640 0.234117 0.619055 0.185430 -0.639176 -0.498797 -0.585367 -0.380118 0.171738 -0.834500 0.523561 0.231599 0.000000 0.000000 0.000000 1.000000
-0.749615 0.234128 0.619081 0.185436 -0.639195 -0.498831 -0.585318 -0.380133 0.171778 -0.834477 0.523585 0.231616 0.000000 0.000000 0.000000 1.000000
-0.749632 0.234122 0.619063 0.185431 -0.639189 -0.498777 -0.585371 -0.380113 0.171726 -0.834511 0.523547 0.231594 0.000000 0.000000 0.000000 1.000000
-0.449160 0.222686 0.865255 0.264972 -0.790295 -0.550763 -0.268501 -0.427118 0.416759 -0.804407 0.423369 0.291876 0.000000 0.000000 0.000000 1.000000
-0.449125 0.222684 0.865273 0.264980 -0.790293 -0.550788 -0.268457 -0.427096 0.416801 -0.804391 0.423358 0.291874 0.000000 0.000000 0.000000 1.000000
-0.449133 0.222681 0.865270 0.264978 -0.790303 -0.550764 -0.268478 -0.427114 0.416774 -0.804408 0.423351 0.291868 0.000000 0.000000 0.000000 1.000000
0.271252 -0.113354 0.955810 0.365995 -0.929626 -0.288200 0.229642 -0.521374 0.249434 -0.950837 -0.183552 0.327288 0.000000 0.000000 0.000000 1.000000
0.271238 -0.113354 0.955814 0.365986 -0.929625 -0.288220 0.229624 -0.521375 0.249456 -0.950831 -0.183553 0.327288 0.000000 0.000000 0.000000 1.000000
0.271246 -0.113333 0.955815 0.366005 -0.929628 -0.288196 0.229642 -0.521378 0.249436 -0.950841 -0.183530 0.327300 0.000000 0.000000 0.000000 1.000000
0.203396 -0.165764 0.964962 0.353795 -0.974602 -0.128607 0.183336 -0.601908 0.093711 -0.977744 -0.187712 0.352561 0.000000 0.000000 0.000000 1.000000
0.203435 -0.165806 0.964947 0.353804 -0.974595 -0.128609 0.183370 -0.601903 0.093697 -0.977736 -0.187758 0.352549 0.000000 0.000000 0.000000 1.000000
0.203390 -0.165755 0.964965 0.353796 -0.974603 -0.128603 0.183331 -0.601914 0.093709 -0.977746 -0.187701 0.352556 0.000000 0.000000 0.000000 1.000000
0.031453 -0.174784 0.984104 0.250454 -0.992973 -0.117846 0.010807 -0.677334 0.114084 -0.977529 -0.177262 0.378122 0.000000 0.000000 0.000000 1.000000
0.031435 -0.174793 0.984103 0.250441 -0.992973 -0.117847 0.010786 -0.677342 0.114088 -0.977527 -0.177270 0.378139 0.000000 0.000000 0.000000 1.000000
0.031433 -0.174809 0.984101 0.250432 -0.992973 -0.117848 0.010782 -0.677343 0.114089 -0.977524 -0.177285 0.378122 0.000000 0.000000 0.000000 1.000000
-0.131670 -0.096974 0.986539 0.177131 -0.985791 0.117520 -0.120019 -0.703013 -0.104299 -0.988324 -0.111070 0.385478 0.000000 0.000000 0.000000 1.000000
-0.131637 -0.096996 0.986541 0.177150 -0.985800 0.117483 -0.119987 -0.703007 -0.104264 -0.988327 -0.111084 0.385472 0.000000 0.000000 0.000000 1.000000
-0.131563 -0.097009 0.986550 0.177206 -0.985819 0.117389 -0.119922 -0.702995 -0.104177 -0.988337 -0.111077 0.385523 0.000000 0.000000 0.000000 1.000000
-0.247987 0.044991 0.967718 0.116623 -0.961017 0.114649 -0.251600 -0.712853 -0.122268 -0.992387 0.014805 0.388821 0.000000 0.000000 0.000000 1.000000
-0.247952 0.044951 0.967729 0.116643 -0.961021 0.114700 -0.251561 -0.712838 -0.122307 -0.992383 0.014758 0.388799 0.000000 0.000000 0.000000 1.000000
-0.247949 0.044936 0.967730 0.116642 -0.961023 0.114691 -0.251557 -0.712842 -0.122294 -0.992384 0.014747 0.388805 0.000000 0.000000 0.000000 1.000000
-0.259102 0.181719 0.948601 0.109043 -0.916450 0.263824 -0.300860 -0.671353 -0.304936 -0.947299 0.098179 0.441368 0.000000 0.000000 0.000000 1.000000
-0.259119 0.181670 0.948606 0.109029 -0.916469 0.263765 -0.300855 -0.671376 -0.304865 -0.947325 0.098149 0.441395 0.000000 0.000000 0.000000 1.000000
-0.259125 0.181691 0.948600 0.109028 -0.916468 0.263754 -0.300866 -0.671372 -0.304861 -0.947324 0.098169 0.441388 0.000000 0.000000 0.000000 1.000000
-0.311543 0.331784 0.890427 0.075905 -0.886282 0.236495 -0.398213 -0.642012 -0.342702 -0.913230 0.220376 0.433080 0.000000 0.000000 0.000000 1.000000
-0.311559 0.331786 0.890421 0.075897 -0.886306 0.236411 -0.398210 -0.642031 -0.342626 -0.913251 0.220408 0.433111 0.000000 0.000000 0.000000 1.000000
-0.311626 0.331810 0.890388 0.075941 -0.886475 0.235870 -0.398155 -0.641891 -0.342128 -0.913383 0.220638 0.433394 0.000000 0.000000 0.000000 1.000000
-0.314278 0.346637 0.883783 0.092300 -0.892745 0.208692 -0.399318 -0.592848 -0.322857 -0.914489 0.243871 0.445000 0.000000 0.000000 0.000000 1.000000
-0.314299 0.346624 0.883780 0.092300 -0.892750 0.208656 -0.399325 -0.592843 -0.322821 -0.914502 0.243868 0.444987 0.000000 0.000000 0.000000 1.000000
-0.314307 0.346656 0.883765 0.092317 -0.892699 0.208776 -0.399377 -0.592754 -0.322955 -0.914463 0.243840 0.444893 0.000000 0.000000 0.000000 1.000000
-0.463717 0.528126 0.711371 0.096715 -0.852342 -0.046767 -0.520890 -0.506213 -0.241827 -0.847877 0.471831 0.390254 0.000000 0.000000 0.000000 1.000000
-0.463606 0.527071 0.712226 0.096898 -0.852647 -0.046782 -0.520389 -0.506091 -0.240962 -0.848533 0.471094 0.390251 0.000000 0.000000 0.000000 1.000000
-0.456356 0.511639 0.727986 0.100964 -0.855657 -0.027885 -0.516791 -0.502935 -0.244111 -0.858748 0.450514 0.384643 0.000000 0.000000 0.000000 1.000000
-0.422193 0.244187 0.872998 0.154122 -0.900364 -0.224872 -0.372528 -0.466473 0.105346 -0.943295 0.314797 0.377851 0.000000 0.000000 0.000000 1.000000
-0.422210 0.244220 0.872981 0.154121 -0.900363 -0.224828 -0.372557 -0.466462 0.105285 -0.943297 0.314811 0.377834 0.000000 0.000000 0.000000 1.000000
-0.422186 0.244195 0.872999 0.154125 -0.900373 -0.224822 -0.372536 -0.466460 0.105298 -0.943305 0.314783 0.377839 0.000000 0.000000 0.000000 1.000000
-0.661691 0.277164 0.696667 0.147264 -0.703449 -0.551039 -0.448905 -0.384087 0.259470 -0.787106 0.559588 0.372895 0.000000 0.000000 0.000000 1.000000
-0.661649 0.277197 0.696693 0.147281 -0.703495 -0.551001 -0.448879 -0.384085 0.259451 -0.787121 0.559576 0.372896 0.000000 0.000000 0.000000 1.000000
-0.661667 0.277165 0.696690 0.147277 -0.703468 -0.551030 -0.448887 -0.384083 0.259481 -0.787112 0.559575 0.372894 0.000000 0.000000 0.000000 1.000000
-0.116965 0.023886 0.992849 0.263428 -0.856341 -0.508746 -0.088644 -0.378391 0.502990 -0.860585 0.079960 0.424872 0.000000 0.000000 0.000000 1.000000
-0.116960 0.023853 0.992850 0.263421 -0.856340 -0.508746 -0.088656 -0.378396 0.502993 -0.860586 0.079929 0.424870 0.000000 0.000000 0.000000 1.000000
-0.116973 0.023894 0.992848 0.263428 -0.856336 -0.508754 -0.088646 -0.378385 0.502997 -0.860581 0.079972 0.424875 0.000000 0.000000 0.000000 1.000000
0.041607 0.082569 0.995716 0.324239 -0.997266 -0.057487 0.046438 -0.537811 0.061075 -0.994926 0.079951 0.492723 0.000000 0.000000 0.000000 1.000000
0.041600 0.082558 0.995718 0.324233 -0.997262 -0.057559 0.046437 -0.537817 0.061146 -0.994923 0.079937 0.492749 0.000000 0.000000 0.000000 1.000000
0.041621 0.082556 0.995717 0.324244 -0.997267 -0.057462 0.046450 -0.537788 0.061051 -0.994928 0.079939 0.492713 0.000000 0.000000 0.000000 1.000000
-0.024953 0.086993 0.995896 0.278449 -0.984725 0.169580 -0.039486 -0.630112 -0.172319 -0.981669 0.081432 0.461788 0.000000 0.000000 0.000000 1.000000
-0.024965 0.086978 0.995897 0.278441 -0.984732 0.169536 -0.039492 -0.630129 -0.172275 -0.981678 0.081418 0.461789 0.000000 0.000000 0.000000 1.000000
-0.025045 0.086826 0.995909 0.278444 -0.984888 0.168637 -0.039470 -0.630094 -0.171374 -0.981847 0.081290 0.461640 0.000000 0.000000 0.000000 1.000000
0.278922 -0.186757 0.941979 0.381109 -0.960203 -0.039330 0.276521 -0.592677 -0.014594 -0.981619 -0.190295 0.233585 0.000000 0.000000 0.000000 1.000000
0.278915 -0.186784 0.941976 0.381098 -0.960204 -0.039267 0.276526 -0.592666 -0.014662 -0.981616 -0.190302 0.233570 0.000000 0.000000 0.000000 1.000000
0.278540 -0.186601 0.942123 0.380950 -0.960317 -0.039408 0.276114 -0.592880 -0.014396 -0.981645 -0.190173 0.233676 0.000000 0.000000 0.000000 1.000000
0.231751 -0.166551 0.958411 0.361639 -0.972702 -0.027623 0.230406 -0.606941 -0.011900 -0.985646 -0.168406 0.236144 0.000000 0.000000 0.000000 1.000000
0.231779 -0.166547 0.958405 0.361660 -0.972696 -0.027665 0.230427 -0.606951 -0.011862 -0.985645 -0.168412 0.236182 0.000000 0.000000 0.000000 1.000000
0.231666 -0.166486 0.958443 0.361621 -0.972724 -0.027733 0.230301 -0.607019 -0.011761 -0.985654 -0.168370 0.236218 0.000000 0.000000 0.000000 1.000000
-0.051094 0.093126 0.994343 0.295309 -0.997817 0.036960 -0.054734 -0.639007 -0.041848 -0.994968 0.091034 0.251150 0.000000 0.000000 0.000000 1.000000
-0.051227 0.093197 0.994329 0.295250 -0.997813 0.036865 -0.054862 -0.639095 -0.041769 -0.994965 0.091105 0.251197 0.000000 0.000000 0.000000 1.000000
-0.061081 0.107574 0.992319 0.294868 -0.997555 0.027240 -0.064357 -0.644964 -0.033953 -0.993824 0.105647 0.256925 0.000000 0.000000 0.000000 1.000000
-0.225396 0.173416 0.958709 0.208525 -0.971537 0.033605 -0.234491 -0.691406 -0.072882 -0.984275 0.160906 0.239333 0.000000 0.000000 0.000000 1.000000
-0.225433 0.173439 0.958697 0.208503 -0.971526 0.033630 -0.234533 -0.691416 -0.072918 -0.984270 0.160919 0.239336 0.000000 0.000000 0.000000 1.000000
-0.225509 0.173464 0.958674 0.208452 -0.971500 0.033728 -0.234629 -0.691424 -0.073034 -0.984262 0.160915 0.239288 0.000000 0.000000 0.000000 1.000000
-0.306630 0.192382 0.932184 0.160935 -0.941869 0.079978 -0.326321 -0.654002 -0.137333 -0.978056 0.156675 0.218784 0.000000 0.000000 0.000000 1.000000
-0.306469 0.195318 0.931626 0.162500 -0.939839 0.093093 -0.328688 -0.646028 -0.150927 -0.976312 0.155037 0.213312 0.000000 0.000000 0.000000 1.000000
-0.306448 0.195251 0.931647 0.162495 -0.939904 0.092744 -0.328601 -0.646184 -0.150564 -0.976358 0.155096 0.213451 0.000000 0.000000 0.000000 1.000000
-0.308731 0.179377 0.934082 0.173328 -0.948521 0.014899 -0.316365 -0.590717 -0.070666 -0.983668 0.165543 0.272130 0.000000 0.000000 0.000000 1.000000
-0.307580 0.178588 0.934613 0.173799 -0.948809 0.016564 -0.315417 -0.589865 -0.071811 -0.983785 0.164351 0.271413 0.000000 0.000000 0.000000 1.000000
-0.304148 0.181189 0.935235 0.177585 -0.948003 0.039016 -0.315859 -0.577422 -0.093719 -0.982674 0.159902 0.261000 0.000000 0.000000 0.000000 1.000000
-0.224550 0.141627 0.964116 0.240145 -0.973574 -0.074857 -0.215756 -0.527820 0.041614 -0.987086 0.154694 0.254351 0.000000 0.000000 0.000000 1.000000
-0.224671 0.141689 0.964078 0.240115 -0.973541 -0.075013 -0.215851 -0.527884 0.041735 -0.987065 0.154793 0.254399 0.000000 0.000000 0.000000 1.000000
-0.222132 0.141748 0.964658 0.241438 -0.974120 -0.074687 -0.213336 -0.527250 0.041808 -0.987081 0.154669 0.254403 0.000000 0.000000 0.000000 1.000000
-0.073841 0.153444 0.985394 0.318721 -0.994596 -0.083638 -0.061507 -0.500590 0.072979 -0.984611 0.158791 0.268246 0.000000 0.000000 0.000000 1.000000
-0.074110 0.153558 0.985357 0.318670 -0.994509 -0.084584 -0.061616 -0.501545 0.073884 -0.984513 0.158983 0.268658 0.000000 0.000000 0.000000 1.000000
-0.074007 0.152755 0.985489 0.318885 -0.995332 -0.072701 -0.063477 -0.505000 0.061950 -0.985586 0.157422 0.262246 0.000000 0.000000 0.000000 1.000000
-0.078355 0.157821 0.984354 0.325929 -0.990908 -0.120653 -0.059533 -0.628282 0.109369 -0.980069 0.165840 0.258850 0.000000 0.000000 0.000000 1.000000
-0.078131 0.158257 0.984302 0.326317 -0.989902 -0.129448 -0.057763 -0.632747 0.118275 -0.978876 0.166773 0.262991 0.000000 0.000000 0.000000 1.000000
-0.078171 0.158299 0.984292 0.326321 -0.989821 -0.130105 -0.057686 -0.633127 0.118930 -0.978782 0.166858 0.263307 0.000000 0.000000 0.000000 1.000000
-0.129084 0.151640 0.979971 0.293400 -0.981882 -0.157794 -0.104919 -0.659267 0.138723 -0.975759 0.169261 0.272713 0.000000 0.000000 0.000000 1.000000
-0.129068 0.151633 0.979974 0.293404 -0.981894 -0.157727 -0.104915 -0.659229 0.138660 -0.975771 0.169245 0.272699 0.000000 0.000000 0.000000 1.000000
-0.129203 0.151691 0.979947 0.293349 -0.981873 -0.157778 -0.105034 -0.659301 0.138682 -0.975754 0.169327 0.272731 0.000000 0.000000 0.000000 1.000000
-0.233916 0.149562 0.960685 0.229172 -0.962763 -0.173380 -0.207429 -0.685235 0.135540 -0.973432 0.184549 0.273971 0.000000 0.000000 0.000000 1.000000
-0.233898 0.149568 0.960688 0.229185 -0.962752 -0.173487 -0.207391 -0.685242 0.135647 -0.973412 0.184575 0.274026 0.000000 0.000000 0.000000 1.000000
-0.233872 0.149571 0.960694 0.229205 -0.962756 -0.173499 -0.207362 -0.685228 0.135664 -0.973410 0.184577 0.274052 0.000000 0.000000 0.000000 1.000000
